# 3ds Max Wavefront OBJ Exporter v0.97b - (c)2007 guruware
# File Created: 27.05.2016 16:20:17

mtllib shapes.mtl

#
# object Hedra001
#

v  -20.11329460 139.28140259 -47.81703568
v  -16.22420692 137.67050171 -47.81703568
v  -20.11329460 137.67050171 -51.70612335
v  -14.61329460 133.78140259 -47.81703568
v  -16.22420692 133.78140259 -51.70612335
v  -20.11329460 133.78140259 -53.31703568
v  -24.00238228 137.67050171 -47.81703568
v  -24.00238228 133.78140259 -51.70612335
v  -25.61329460 133.78140259 -47.81703568
v  -20.11329460 137.67050171 -43.92794800
v  -24.00238228 133.78140259 -43.92794800
v  -20.11329460 133.78140259 -42.31703568
v  -16.22420692 133.78140259 -43.92794800
v  -20.11329460 128.28140259 -47.81703568
v  -20.11329460 129.89233398 -51.70612335
v  -16.22420692 129.89233398 -47.81703568
v  -24.00238228 129.89233398 -47.81703568
v  -20.11329460 129.89233398 -43.92794800
v  -20.11329460 139.28140259 48.81779099
v  -16.22420692 137.67050171 48.81779099
v  -20.11329460 137.67050171 44.92870331
v  -14.61329460 133.78140259 48.81779099
v  -16.22420692 133.78140259 44.92870331
v  -20.11329460 133.78140259 43.31779099
v  -24.00238228 137.67050171 48.81779099
v  -24.00238228 133.78140259 44.92870331
v  -25.61329460 133.78140259 48.81779099
v  -20.11329460 137.67050171 52.70687866
v  -24.00238228 133.78140259 52.70687866
v  -20.11329460 133.78140259 54.31779099
v  -16.22420692 133.78140259 52.70687866
v  -20.11329460 128.28140259 48.81779099
v  -20.11329460 129.89233398 44.92870331
v  -16.22420692 129.89233398 48.81779099
v  -24.00238228 129.89233398 48.81779099
v  -20.11329460 129.89233398 52.70687866
v  58.06591797 109.41960907 0.50037628
v  61.95500183 107.80870056 0.50037628
v  58.06591797 107.80870056 -3.38871098
v  63.56591797 103.91960907 0.50037628
v  61.95500183 103.91960907 -3.38871098
v  58.06591797 103.91960907 -4.99962378
v  54.17683411 107.80870056 0.50037628
v  54.17683411 103.91960907 -3.38871098
v  52.56591797 103.91960907 0.50037628
v  58.06591797 107.80870056 4.38946342
v  54.17683411 103.91960907 4.38946342
v  58.06591797 103.91960907 6.00037622
v  61.95500183 103.91960907 4.38946342
v  58.06591797 98.41960907 0.50037628
v  58.06591797 100.03051758 -3.38871098
v  61.95500183 100.03051758 0.50037628
v  54.17683411 100.03051758 0.50037628
v  58.06591797 100.03051758 4.38946342
v  28.20411873 61.10219574 -77.67884064
v  32.09320831 59.49128342 -77.67884064
v  28.20411873 59.49128342 -81.56792450
v  33.70411682 55.60219574 -77.67884064
v  32.09320831 55.60219574 -81.56792450
v  28.20411873 55.60219574 -83.17884064
v  24.31503105 59.49128342 -77.67884064
v  24.31503105 55.60219574 -81.56792450
v  22.70411873 55.60219574 -77.67884064
v  28.20411873 59.49128342 -73.78975677
v  24.31503105 55.60219574 -73.78975677
v  28.20411873 55.60219574 -72.17884064
v  32.09320831 55.60219574 -73.78975677
v  28.20411873 50.10219574 -77.67884064
v  28.20411873 51.71310806 -81.56792450
v  32.09320831 51.71310806 -77.67884064
v  24.31503105 51.71310806 -77.67884064
v  28.20411873 51.71310806 -73.78975677
v  -68.43070984 61.10219574 -77.67884064
v  -64.54161835 59.49128342 -77.67884064
v  -68.43070984 59.49128342 -81.56792450
v  -62.93070984 55.60219574 -77.67884064
v  -64.54161835 55.60219574 -81.56792450
v  -68.43070984 55.60219574 -83.17884064
v  -72.31979370 59.49128342 -77.67884064
v  -72.31979370 55.60219574 -81.56792450
v  -73.93070984 55.60219574 -77.67884064
v  -68.43070984 59.49128342 -73.78975677
v  -72.31979370 55.60219574 -73.78975677
v  -68.43070984 55.60219574 -72.17884064
v  -64.54161835 55.60219574 -73.78975677
v  -68.43070984 50.10219574 -77.67884064
v  -68.43070984 51.71310806 -81.56792450
v  -64.54161835 51.71310806 -77.67884064
v  -72.31979370 51.71310806 -77.67884064
v  -68.43070984 51.71310806 -73.78975677
v  -98.29251099 109.41960907 0.50037628
v  -94.40342712 107.80870056 0.50037628
v  -98.29251099 107.80870056 -3.38871098
v  -92.79251099 103.91960907 0.50037628
v  -94.40342712 103.91960907 -3.38871098
v  -98.29251099 103.91960907 -4.99962378
v  -102.18159485 107.80870056 0.50037628
v  -102.18159485 103.91960907 -3.38871098
v  -103.79251099 103.91960907 0.50037628
v  -98.29251099 107.80870056 4.38946342
v  -102.18159485 103.91960907 4.38946342
v  -98.29251099 103.91960907 6.00037622
v  -94.40342712 103.91960907 4.38946342
v  -98.29251099 98.41960907 0.50037628
v  -98.29251099 100.03051758 -3.38871098
v  -94.40342712 100.03051758 0.50037628
v  -102.18159485 100.03051758 0.50037628
v  -98.29251099 100.03051758 4.38946342
v  -68.43070984 61.10219574 78.67958832
v  -64.54161835 59.49128342 78.67958832
v  -68.43070984 59.49128342 74.79050446
v  -62.93070984 55.60219574 78.67958832
v  -64.54161835 55.60219574 74.79050446
v  -68.43070984 55.60219574 73.17958832
v  -72.31979370 59.49128342 78.67958832
v  -72.31979370 55.60219574 74.79050446
v  -73.93070984 55.60219574 78.67958832
v  -68.43070984 59.49128342 82.56867218
v  -72.31979370 55.60219574 82.56867218
v  -68.43070984 55.60219574 84.17958832
v  -64.54161835 55.60219574 82.56867218
v  -68.43070984 50.10219574 78.67958832
v  -68.43070984 51.71310806 74.79050446
v  -64.54161835 51.71310806 78.67958832
v  -72.31979370 51.71310806 78.67958832
v  -68.43070984 51.71310806 82.56867218
v  28.20411873 61.10219574 78.67958832
v  32.09320831 59.49128342 78.67958832
v  28.20411873 59.49128342 74.79050446
v  33.70411682 55.60219574 78.67958832
v  32.09320831 55.60219574 74.79050446
v  28.20411873 55.60219574 73.17958832
v  24.31503105 59.49128342 78.67958832
v  24.31503105 55.60219574 74.79050446
v  22.70411873 55.60219574 78.67958832
v  28.20411873 59.49128342 82.56867218
v  24.31503105 55.60219574 82.56867218
v  28.20411873 55.60219574 84.17958832
v  32.09320831 55.60219574 82.56867218
v  28.20411873 50.10219574 78.67958832
v  28.20411873 51.71310806 74.79050446
v  32.09320831 51.71310806 78.67958832
v  24.31503105 51.71310806 78.67958832
v  28.20411873 51.71310806 82.56867218
v  58.06591797 12.78478241 0.50037628
v  61.95500183 11.17387009 0.50037628
v  58.06591797 11.17387009 -3.38871098
v  63.56591797 7.28478241 0.50037628
v  61.95500183 7.28478241 -3.38871098
v  58.06591797 7.28478241 -4.99962378
v  54.17683411 11.17387009 0.50037628
v  54.17683411 7.28478241 -3.38871098
v  52.56591797 7.28478241 0.50037628
v  58.06591797 11.17387009 4.38946342
v  54.17683411 7.28478241 4.38946342
v  58.06591797 7.28478241 6.00037622
v  61.95500183 7.28478241 4.38946342
v  58.06591797 1.78478241 0.50037628
v  58.06591797 3.39569473 -3.38871098
v  61.95500183 3.39569473 0.50037628
v  54.17683411 3.39569473 0.50037628
v  58.06591797 3.39569473 4.38946342
v  -20.11329460 -17.07701874 48.81779099
v  -16.22420692 -18.68793488 48.81779099
v  -20.11329460 -18.68793488 44.92870331
v  -14.61329460 -22.57701874 48.81779099
v  -16.22420692 -22.57701874 44.92870331
v  -20.11329460 -22.57701874 43.31779099
v  -24.00238228 -18.68793488 48.81779099
v  -24.00238228 -22.57701874 44.92870331
v  -25.61329460 -22.57701874 48.81779099
v  -20.11329460 -18.68793488 52.70687866
v  -24.00238228 -22.57701874 52.70687866
v  -20.11329460 -22.57701874 54.31779099
v  -16.22420692 -22.57701874 52.70687866
v  -20.11329460 -28.07701874 48.81779099
v  -20.11329460 -26.46610260 44.92870331
v  -16.22420692 -26.46610260 48.81779099
v  -24.00238228 -26.46610260 48.81779099
v  -20.11329460 -26.46610260 52.70687866
v  -20.11329460 -17.07701874 -47.81703568
v  -16.22420692 -18.68793488 -47.81703568
v  -20.11329460 -18.68793488 -51.70612335
v  -14.61329460 -22.57701874 -47.81703568
v  -16.22420692 -22.57701874 -51.70612335
v  -20.11329460 -22.57701874 -53.31703568
v  -24.00238228 -18.68793488 -47.81703568
v  -24.00238228 -22.57701874 -51.70612335
v  -25.61329460 -22.57701874 -47.81703568
v  -20.11329460 -18.68793488 -43.92794800
v  -24.00238228 -22.57701874 -43.92794800
v  -20.11329460 -22.57701874 -42.31703568
v  -16.22420692 -22.57701874 -43.92794800
v  -20.11329460 -28.07701874 -47.81703568
v  -20.11329460 -26.46610260 -51.70612335
v  -16.22420692 -26.46610260 -47.81703568
v  -24.00238228 -26.46610260 -47.81703568
v  -20.11329460 -26.46610260 -43.92794800
v  -98.29251099 12.78478241 0.50037628
v  -94.40342712 11.17387009 0.50037628
v  -98.29251099 11.17387009 -3.38871098
v  -92.79251099 7.28478241 0.50037628
v  -94.40342712 7.28478241 -3.38871098
v  -98.29251099 7.28478241 -4.99962378
v  -102.18159485 11.17387009 0.50037628
v  -102.18159485 7.28478241 -3.38871098
v  -103.79251099 7.28478241 0.50037628
v  -98.29251099 11.17387009 4.38946342
v  -102.18159485 7.28478241 4.38946342
v  -98.29251099 7.28478241 6.00037622
v  -94.40342712 7.28478241 4.38946342
v  -98.29251099 1.78478241 0.50037628
v  -98.29251099 3.39569473 -3.38871098
v  -94.40342712 3.39569473 0.50037628
v  -102.18159485 3.39569473 0.50037628
v  -98.29251099 3.39569473 4.38946342
v  57.13174438 104.27643585 -1.23167181
v  -21.04746819 134.13824463 47.08574295
v  -19.39965057 135.64974976 48.81779099
v  58.77956390 105.78795624 0.50037628
v  57.35226440 102.05126190 0.50038010
v  -20.82694435 131.91305542 48.81779480
v  59.00009155 103.56278992 2.23243952
v  -19.17912483 133.42459106 50.54985428
v  -19.17912865 133.42459106 -49.54909134
v  59.00008392 103.56278992 -1.23167944
v  57.35227203 102.05126953 0.50037628
v  -20.82694054 131.91305542 -47.81703568
v  -19.39965630 135.64974976 -47.81704330
v  58.77955627 105.78795624 0.50036865
v  -21.04747581 134.13824463 -46.08498764
v  57.13173676 104.27643585 2.23242426
v  -18.11329460 133.78140259 48.81779099
v  -18.11329460 133.78140259 -47.81703568
v  -20.11329460 135.78140259 -47.81703568
v  -20.11329460 135.78140259 48.81779099
v  -20.11329460 131.78140259 48.81779099
v  -20.11329460 131.78140259 -47.81703568
v  -22.11329460 133.78140259 48.81779099
v  -22.11329460 133.78140259 -47.81703568
v  30.10623360 55.27727509 -78.20456696
v  59.96803284 103.59468842 -0.02535385
v  58.06591797 102.21830750 1.55183864
v  28.20411873 53.90089417 -76.62738037
v  28.20411873 57.30349731 -78.73030090
v  58.06591797 105.62091064 -0.55108589
v  26.30200386 55.92711639 -77.15310669
v  56.16380310 104.24452972 1.02611017
v  -18.38124657 134.71557617 -47.46021652
v  29.93616676 56.53636932 -77.32202148
v  28.20411873 56.31584167 -79.54718781
v  -20.11329460 134.49505615 -49.68538284
v  -20.11328697 133.06776428 -45.94868851
v  28.20412636 54.88854980 -75.81049347
v  -21.84535027 132.84722900 -48.17385483
v  26.47206306 54.66801453 -78.03565979
v  -68.43070984 55.60219574 -79.67884064
v  28.20411873 55.60219574 -79.67884064
v  28.20411873 53.60219574 -77.67884064
v  -68.43070984 53.60219574 -77.67884064
v  -68.43070984 57.60219574 -77.67884064
v  28.20411873 57.60219574 -77.67884064
v  -68.43070984 55.60219574 -75.67884064
v  28.20411873 55.60219574 -75.67884064
v  -18.38124275 132.84722900 -48.17385483
v  -66.69865417 54.66802216 -78.03565979
v  -68.43070984 56.31584167 -79.54718781
v  -20.11330223 133.06777954 -45.94868851
v  -68.43071747 54.88855362 -75.81049347
v  -21.84535027 134.71557617 -47.46022415
v  -70.16276550 56.53637314 -77.32202911
v  -96.39039612 104.24452972 1.02611017
v  -66.52859497 55.92711639 -77.15310669
v  -68.43070984 57.30349731 -78.73030090
v  -98.29251099 105.62091064 -0.55108398
v  -98.29251099 102.21830750 1.55184412
v  -68.43070984 53.90089417 -76.62737274
v  -100.19462585 103.59469604 -0.02535003
v  -70.33282471 55.27727890 -78.20456696
v  -21.04746819 133.42459106 -49.54908752
v  -99.22668457 103.56278229 -1.23167562
v  -99.00615692 105.78794861 0.50037628
v  -20.82694054 135.64974976 -47.81703568
v  -19.39964867 131.91305542 -47.81703186
v  -97.57886505 102.05125427 0.50038010
v  -19.17912102 134.13824463 -46.08498383
v  -97.35833740 104.27643585 2.23242807
v  -19.17912102 134.13824463 47.08574295
v  -97.35833740 104.27642822 -1.23167181
v  -20.82694054 135.64974976 48.81779099
v  -19.39964867 131.91307068 48.81779099
v  -97.57886505 102.05126953 0.50037628
v  -21.04745293 133.42459106 50.54983902
v  -99.22666931 103.56278992 2.23242426
v  -66.52859497 55.92711639 78.15385437
v  -96.39039612 104.24452972 -0.02535766
v  -98.29251099 105.62091064 1.55183864
v  -68.43070984 57.30349731 79.73104858
v  -68.43070984 53.90088654 77.62812042
v  -98.29251099 102.21829987 -0.55109161
v  -70.33283234 55.27726746 79.20532227
v  -100.19463348 103.59468079 1.02611017
v  -18.38123894 132.84722900 49.17461777
v  -66.69865417 54.66802216 79.03641510
v  -68.43070984 54.88854980 76.81124115
v  -20.11329460 133.06776428 46.94944382
v  -20.11329460 134.49505615 50.68613815
v  -68.43070984 56.31584549 80.54793549
v  -21.84534264 134.71557617 48.46096420
v  -70.16275787 56.53637314 78.32276154
v  28.20411873 55.60219574 76.67958832
v  -68.43070984 55.60219574 76.67958832
v  -68.43070984 57.60219574 78.67958832
v  28.20411873 57.60219574 78.67958832
v  28.20411873 53.60219574 78.67958832
v  -68.43070984 53.60219574 78.67958832
v  28.20411873 55.60219574 80.67958832
v  -68.43070984 55.60219574 80.67958832
v  -18.38123512 134.71557617 48.46097183
v  29.93617821 56.53636932 78.32276917
v  28.20411873 54.88854980 76.81124115
v  -20.11329079 134.49505615 50.68614578
v  28.20412254 56.31583405 80.54794312
v  -21.84533882 132.84722900 49.17461777
v  26.47207451 54.66800690 79.03641510
v  59.96802521 103.59469604 1.02610254
v  30.10622597 55.27727890 79.20531464
v  28.20411873 53.90089417 77.62812805
v  58.06591797 102.21830750 -0.55108398
v  58.06591797 105.62091064 1.55182886
v  28.20411873 57.30349350 79.73104095
v  56.16381073 104.24452972 -0.02536529
v  26.30201149 55.92711639 78.15384674
v  60.06591797 7.28478241 0.50037628
v  60.06591797 103.91960907 0.50037628
v  58.06591797 103.91960907 2.50037622
v  58.06591797 7.28478241 2.50037622
v  58.06591797 7.28478241 -1.49962378
v  58.06591797 103.91960907 -1.49962378
v  56.06591797 7.28478241 0.50037628
v  56.06591797 103.91960907 0.50037628
v  30.10623360 55.92711258 -78.20456696
v  59.96803284 7.60969925 -0.02535385
v  58.06591797 5.58348083 -0.55108601
v  28.20411873 53.90089417 -78.73030090
v  28.20411873 57.30349350 -76.62737274
v  58.06591797 8.98608017 1.55184412
v  26.30200386 55.27726746 -77.15310669
v  56.16380310 6.95985413 1.02611017
v  59.96803284 7.60970306 1.02610254
v  30.10623360 55.92711639 79.20531464
v  28.20411873 53.90089417 79.73104858
v  58.06591797 5.58348083 1.55183649
v  58.06591797 8.98608398 -0.55109161
v  28.20411873 57.30349731 77.62812042
v  56.16380310 6.95985413 -0.02536529
v  26.30200386 55.27726746 78.15384674
v  -18.38124275 -21.64284515 49.17461014
v  -66.69865417 56.53636932 79.03640747
v  -68.43070984 54.88854980 80.54793549
v  -20.11329460 -23.29066467 50.68613815
v  -20.11330223 -21.86338043 46.94944382
v  -68.43071747 56.31583786 76.81124115
v  -21.84535027 -23.51119232 48.46097946
v  -70.16276550 54.66801834 78.32277679
v  29.93617439 54.66802979 78.32276917
v  -18.38123894 -23.51118469 48.46097183
v  -20.11329460 -21.86337280 46.94944763
v  28.20411873 56.31584167 76.81124115
v  28.20412636 54.88855743 80.54793549
v  -20.11328697 -23.29065704 50.68613815
v  26.47207069 56.53637695 79.03641510
v  -21.84534264 -21.64283752 49.17461777
v  57.13174438 6.92795563 -1.23167944
v  -21.04746819 -22.93384552 47.08573532
v  -20.82693863 -20.70867157 48.81779099
v  57.35227203 9.15312958 0.50037628
v  58.77957153 5.41643524 0.50037628
v  -19.39964485 -24.44536591 48.81779099
v  59.00009155 7.64160919 2.23242426
v  -19.17911720 -22.22019196 50.54983902
v  -19.17912102 -22.22019196 -49.54908752
v  59.00009155 7.64160919 -1.23167562
v  58.77956390 5.41643906 0.50037628
v  -19.39964867 -24.44536591 -47.81703568
v  -20.82694054 -20.70867157 -47.81703186
v  57.35227203 9.15313339 0.50038010
v  -21.04746819 -22.93384552 -46.08498383
v  57.13174438 6.92795563 2.23242807
v  29.93617058 54.66802216 -77.32201385
v  -18.38124275 -23.51119232 -47.46020889
v  -20.11329460 -23.29066467 -49.68537903
v  28.20411873 54.88854980 -79.54718781
v  28.20411873 56.31584167 -75.81049347
v  -20.11329460 -21.86337280 -45.94868469
v  26.47206688 56.53636932 -78.03566742
v  -21.84534645 -21.64284515 -48.17385864
v  -18.11329460 -22.57701874 -47.81703568
v  -18.11329460 -22.57701874 48.81779099
v  -20.11329460 -24.57701874 48.81779099
v  -20.11329460 -24.57701874 -47.81703568
v  -20.11329460 -20.57701874 -47.81703568
v  -20.11329460 -20.57701874 48.81779099
v  -22.11329460 -22.57701874 -47.81703568
v  -22.11329460 -22.57701874 48.81779099
v  -96.39039612 6.95986176 -0.02535766
v  -66.52859497 55.27727509 78.15385437
v  -68.43070984 53.90089417 79.73104858
v  -98.29251099 5.58348083 1.55183649
v  -98.29251099 8.98608398 -0.55109161
v  -68.43070984 57.30349731 77.62812042
v  -100.19462585 7.60969925 1.02610254
v  -70.33282471 55.92711258 79.20531464
v  -19.17912102 -22.93384552 47.08574677
v  -97.35833740 6.92795944 -1.23166800
v  -97.57886505 9.15312576 0.50037628
v  -19.39964867 -20.70867157 48.81779099
v  -20.82693291 -24.44535065 48.81779480
v  -99.00614929 5.41644669 0.50038010
v  -21.04745293 -22.22019196 50.54983521
v  -99.22666931 7.64160919 2.23242044
v  -21.04746056 -22.22019958 -49.54909134
v  -99.22667694 7.64160156 -1.23167944
v  -19.39964867 -20.70867157 -47.81703568
v  -20.82693291 -24.44536591 -47.81704330
v  -99.00614929 5.41643524 0.50036865
v  -19.17911339 -22.93384552 -46.08498764
v  -97.35832977 6.92795563 2.23242426
v  -66.69866180 56.53636932 -78.03566742
v  -18.38124657 -21.64284515 -48.17385864
v  -68.43070984 54.88854980 -79.54718781
v  -68.43070984 56.31584167 -75.81050110
v  -20.11329460 -21.86337280 -45.94869614
v  -70.16275787 54.66803741 -77.32202148
v  -21.84534264 -23.51117706 -47.46021652
v  -66.52859497 55.27727509 -77.15310669
v  -96.39039612 6.95986176 1.02611017
v  -98.29251099 5.58348083 -0.55108601
v  -68.43070984 53.90089417 -78.73030090
v  -68.43070984 57.30350494 -76.62737274
v  -98.29251099 8.98609161 1.55184412
v  -70.33283234 55.92712402 -78.20457458
v  -100.19463348 7.60971069 -0.02535766
v  -96.29251099 7.28478241 0.50037628
v  -96.29251099 103.91960907 0.50037628
v  -98.29251099 103.91960907 2.50037622
v  -98.29251099 7.28478241 2.50037622
v  -98.29251099 7.28478241 -1.49962378
v  -98.29251099 103.91960907 -1.49962378
v  -100.29251099 7.28478241 0.50037628
v  -100.29251099 103.91960907 0.50037628
# 451 vertices

vn 0.00000000 1.00000000 -0.00000000
vn 0.70710683 0.70710671 -0.00000000
vn 0.00000001 0.70710671 -0.70710683
vn 1.00000000 -0.00000001 -0.00000000
vn 0.70710677 0.00000001 -0.70710683
vn 0.00000000 0.00000001 -1.00000000
vn -0.70710677 0.70710677 -0.00000001
vn -0.70710677 0.00000001 -0.70710677
vn -1.00000000 -0.00000001 -0.00000000
vn -0.00000001 0.70710671 0.70710683
vn -0.70710677 0.00000001 0.70710683
vn 0.00000000 0.00000001 1.00000000
vn 0.70710677 0.00000001 0.70710677
vn 0.00000000 -1.00000000 -0.00000000
vn -0.00000003 -0.70710671 -0.70710683
vn 0.70710677 -0.70710677 -0.00000001
vn -0.70710683 -0.70710671 -0.00000000
vn 0.00000003 -0.70710671 0.70710683
vn 0.70710671 0.70710683 0.00000003
vn 0.00000000 0.70710677 -0.70710677
vn 0.70710671 -0.00000001 -0.70710683
vn 0.00000000 0.00000000 -1.00000000
vn -0.70710671 0.70710683 -0.00000001
vn -0.70710671 0.00000000 -0.70710683
vn 0.00000000 0.70710677 0.70710677
vn -0.70710671 -0.00000001 0.70710683
vn 0.00000000 0.00000000 1.00000000
vn 0.70710671 0.00000000 0.70710683
vn -0.00000001 -0.70710677 -0.70710677
vn 0.70710671 -0.70710683 -0.00000001
vn -0.70710671 -0.70710683 0.00000003
vn 0.00000001 -0.70710677 0.70710677
vn 0.70710677 0.70710677 0.00000001
vn 0.00000004 0.70710683 -0.70710671
vn 0.70710689 -0.00000001 -0.70710665
vn -0.70710683 -0.00000001 -0.70710671
vn -0.00000004 0.70710683 0.70710671
vn -0.70710689 -0.00000001 0.70710665
vn 0.70710683 -0.00000001 0.70710671
vn -0.00000002 -0.70710683 -0.70710671
vn -0.70710677 -0.70710677 0.00000001
vn 0.00000002 -0.70710683 0.70710671
vn -0.07796840 0.78671539 -0.61237234
vn -0.58259135 -0.53440207 -0.61237389
vn 0.07796805 -0.78671581 0.61237186
vn 0.58259094 0.53440553 0.61237121
vn -0.80901724 0.30901840 0.49999887
vn 0.80901653 -0.30901930 -0.49999952
vn 0.07796843 -0.78671551 -0.61237216
vn 0.58259112 0.53440332 -0.61237293
vn -0.07796736 0.78671622 0.61237127
vn -0.58259112 -0.53440374 0.61237270
vn 0.80901748 -0.30901518 0.50000036
vn -0.80901766 0.30901492 -0.50000036
vn 0.70710683 0.70710683 -0.00000000
vn 0.70710683 -0.70710683 -0.00000000
vn -0.70710683 -0.70710683 -0.00000000
vn -0.70710683 0.70710683 -0.00000000
vn 0.67249787 -0.71637785 0.18587455
vn 0.67249876 0.48662433 -0.55762190
vn -0.67249823 0.71637750 -0.18587439
vn -0.67249817 -0.48662508 0.55762202
vn 0.30901733 0.49999994 0.80901688
vn -0.30901659 -0.49999943 -0.80901760
vn 0.61237305 0.58259112 -0.53440332
vn 0.61237472 0.07797068 0.78671324
vn -0.61236966 -0.58259094 0.53440732
vn -0.61237252 -0.07796846 -0.78671515
vn 0.50000083 -0.80901641 -0.30901736
vn -0.50000113 0.80901587 0.30901796
vn 0.00000000 -0.70710683 -0.70710683
vn 0.00000000 0.70710683 -0.70710683
vn 0.00000000 0.70710683 0.70710683
vn 0.00000000 -0.70710683 0.70710683
vn 1.00000000 0.00000000 -0.00000000
vn -1.00000000 0.00000000 -0.00000000
vn 0.61237329 -0.07796912 -0.78671467
vn 0.61237079 -0.58259088 0.53440624
vn -0.61237514 0.07797091 0.78671288
vn -0.61237079 0.58259082 -0.53440613
vn -0.49999958 -0.80901724 -0.30901727
vn 0.49999893 0.80901772 0.30901700
vn 0.67249823 0.71637750 -0.18587439
vn 0.67249882 -0.48662424 0.55762184
vn -0.67249882 -0.71637714 0.18587387
vn -0.67249835 0.48662469 -0.55762208
vn 0.30901614 -0.50000083 -0.80901682
vn -0.30901611 0.50000077 0.80901682
vn -0.58259112 0.53440332 -0.61237299
vn -0.07796767 -0.78671604 -0.61237156
vn 0.58259135 -0.53440195 0.61237401
vn 0.07796758 0.78671604 0.61237168
vn -0.80901659 -0.30901667 0.50000083
vn 0.80901659 0.30901667 -0.50000083
vn 0.07796841 0.78671533 -0.61237234
vn 0.58259124 -0.53440368 -0.61237264
vn -0.07796867 -0.78671509 0.61237276
vn -0.58259135 0.53440118 0.61237460
vn -0.80901760 -0.30901849 -0.49999821
vn 0.80901748 0.30901816 0.49999851
vn 0.67249829 0.71637756 0.18587436
vn 0.67249966 -0.48662338 -0.55762172
vn -0.67249709 -0.71637845 -0.18587518
vn -0.67249757 0.48662555 0.55762237
vn -0.30901837 0.49999994 -0.80901653
vn 0.30901837 -0.49999958 0.80901670
vn 0.61237293 -0.58259106 -0.53440344
vn 0.61237121 -0.07796727 0.78671622
vn -0.61237437 0.58259135 0.53440160
vn -0.61237240 0.07796837 -0.78671539
vn -0.50000113 -0.80901617 0.30901745
vn 0.50000083 0.80901587 -0.30901855
vn 0.61237186 0.07796811 -0.78671563
vn 0.61237198 0.58259100 0.53440475
vn -0.61237359 -0.07796949 0.78671432
vn -0.61237240 -0.58259106 -0.53440416
vn 0.50000304 -0.80901641 0.30901393
vn -0.50000304 0.80901623 -0.30901426
vn 0.67249960 -0.71637666 -0.18587312
vn 0.67249799 0.48662502 0.55762219
vn -0.67249858 0.71637750 0.18587387
vn -0.67249787 -0.48662519 -0.55762219
vn -0.30901876 -0.49999821 0.80901754
vn 0.30901873 0.49999815 -0.80901754
vn 0.70710683 0.00000000 0.70710683
vn 0.70710683 0.00000000 -0.70710683
vn -0.70710683 0.00000000 -0.70710683
vn -0.70710683 0.00000000 0.70710683
vn 0.67249823 -0.48662478 -0.55762219
vn -0.67249918 0.48662385 0.55762178
vn -0.67249691 -0.71637863 -0.18587531
vn 0.30901781 -0.50000131 0.80901593
vn -0.30901706 0.50000107 -0.80901641
vn -0.67249864 0.48662448 -0.55762196
vn -0.67249727 -0.71637833 0.18587506
vn -0.30901897 0.50000036 0.80901605
vn 0.30901894 -0.50000030 -0.80901605
vn 0.61237329 0.07796912 0.78671467
vn 0.61237079 0.58259088 -0.53440624
vn -0.61237514 -0.07797091 -0.78671288
vn -0.61237079 -0.58259082 0.53440613
vn -0.49999958 0.80901724 0.30901727
vn 0.49999893 -0.80901772 -0.30901700
vn 0.61237216 -0.07796843 -0.78671551
vn 0.61237293 -0.58259112 0.53440332
vn -0.61237127 0.07796736 0.78671622
vn -0.61237270 0.58259112 -0.53440374
vn -0.50000036 -0.80901748 -0.30901518
vn 0.50000036 0.80901766 0.30901492
vn -0.58259106 0.53440344 -0.61237293
vn -0.07796727 -0.78671622 -0.61237121
vn 0.58259135 -0.53440160 0.61237437
vn 0.07796837 0.78671539 0.61237240
vn -0.80901593 -0.30901739 0.50000149
vn 0.80901587 0.30901855 -0.50000083
vn 0.58259112 -0.53440332 -0.61237299
vn 0.07796767 0.78671604 -0.61237156
vn -0.58259135 0.53440195 0.61237401
vn -0.07796758 -0.78671604 0.61237168
vn 0.80901659 0.30901667 0.50000083
vn -0.80901659 -0.30901667 -0.50000083
vn 0.61237299 -0.58259112 -0.53440332
vn 0.61237216 -0.07796820 0.78671551
vn -0.61237311 0.58259112 0.53440303
vn -0.61237192 0.07796789 -0.78671575
vn -0.50000060 -0.80901653 0.30901715
vn 0.50000083 0.80901641 -0.30901712
vn 0.70710683 -0.70710683 0.00000000
vn 0.70710683 0.70710683 0.00000000
vn 0.67249823 -0.71637750 0.18587439
vn 0.67249882 0.48662424 -0.55762184
vn -0.67249882 0.71637714 -0.18587387
vn -0.67249835 -0.48662469 0.55762208
vn 0.30901614 0.50000083 0.80901682
vn -0.30901611 -0.50000077 -0.80901682
vn 0.58259124 0.53440231 -0.61237377
vn 0.07796679 -0.78671670 -0.61237073
vn -0.58259141 -0.53440154 0.61237425
vn -0.07796883 0.78671509 0.61237264
vn -0.80901742 0.30901664 -0.49999958
vn 0.80901736 -0.30901656 0.49999985
vn -0.07796843 0.78671551 -0.61237216
vn -0.58259112 -0.53440332 -0.61237293
vn 0.07796736 -0.78671622 0.61237127
vn 0.58259112 0.53440374 0.61237270
vn -0.80901748 0.30901518 0.50000036
vn 0.80901766 -0.30901492 -0.50000036
vn 0.61237234 0.07796841 -0.78671533
vn 0.61237264 0.58259124 0.53440368
vn -0.61237270 -0.07796866 0.78671497
vn -0.61237460 -0.58259135 -0.53440118
vn 0.49999821 -0.80901760 0.30901849
vn -0.49999851 0.80901748 -0.30901816
vn 0.67249829 -0.71637756 -0.18587436
vn 0.67249966 0.48662338 0.55762172
vn -0.67249709 0.71637845 0.18587518
vn -0.67249757 -0.48662555 -0.55762237
vn -0.30901837 -0.49999994 0.80901653
vn 0.30901837 0.49999958 -0.80901670
# 199 vertex normals

vt 0.00000000 0.30901700 0.50000000
vt 0.00000000 -0.30901700 0.50000000
vt 0.50000000 0.00000000 0.30901700
vt 0.00000000 0.30901700 -0.50000000
vt -0.50000000 0.00000000 -0.30901700
vt -0.00000000 -0.30901700 0.50000000
vt 0.30901700 -0.50000000 0.00000000
vt -0.00000000 -0.30901700 -0.50000000
vt 0.12500000 0.00000000 0.00000000
vt 0.12500000 -0.30901700 0.00000000
vt 0.00000000 -0.30901700 0.00000000
vt 0.00000000 0.00000000 0.00000000
vt 0.25000000 0.00000000 0.00000000
vt 0.25000000 -0.30901700 0.00000000
vt 0.37500000 0.00000000 0.00000000
vt 0.37500000 -0.30901700 0.00000000
vt 0.50000000 0.00000000 0.00000000
vt 0.50000000 -0.30901700 0.00000000
vt -0.37499684 -0.30901700 0.00000000
vt -0.50000042 -0.30901700 0.00000000
vt -0.12500000 0.30901700 0.00000000
vt -0.12500000 0.00000000 0.00000000
vt 0.00000000 0.30901700 0.00000000
vt -0.25000000 0.30901700 0.00000000
vt -0.25000000 0.00000000 0.00000000
vt -0.37500000 0.30901700 0.00000000
vt -0.37500000 0.00000000 0.00000000
vt -0.50000000 0.30901700 0.00000000
vt -0.50000000 0.00000000 0.00000000
vt 0.37500015 0.00000000 0.00000000
vt 0.50000072 0.00000000 0.00000000
vt 0.12500000 0.30901700 0.00000000
vt 0.25000000 0.30901700 0.00000000
vt 0.37500000 0.30901700 0.00000000
vt 0.50000000 0.30901700 0.00000000
vt -0.37499928 0.30901700 0.00000000
vt -0.04774575 0.50000000 0.00000000
vt -0.04774575 0.00000000 0.00000000
vt 0.00000000 0.50000000 0.00000000
vt -0.09549150 0.50000000 0.00000000
vt -0.09549150 0.00000000 0.00000000
vt -0.14323725 0.50000000 0.00000000
vt -0.14323725 0.00000000 0.00000000
vt -0.19098300 0.50000000 0.00000000
vt -0.19098300 0.00000000 0.00000000
vt 0.14323683 0.00000000 0.00000000
vt 0.19098346 0.00000000 0.00000000
vt -0.00000000 -0.30901700 0.00000000
vt -0.00000000 0.30901700 0.00000000
vt -0.37499741 -0.30901700 0.00000000
vt -0.49999842 -0.30901700 0.00000000
vt 0.12499984 0.00000000 0.00000000
vt 0.07725425 0.50000000 0.00000000
vt 0.07725425 0.30901700 0.00000000
vt 0.15450850 0.50000000 0.00000000
vt 0.15450850 0.30901700 0.00000000
vt 0.23176275 0.50000000 0.00000000
vt 0.23176275 0.30901700 0.00000000
vt 0.30901700 0.50000000 0.00000000
vt 0.30901700 0.30901700 0.00000000
vt -0.07725426 0.30901700 0.00000000
vt -0.12499951 0.00000000 0.00000000
vt 0.37500009 0.30901700 0.00000000
vt 0.50000238 0.30901700 0.00000000
vt 0.04774575 0.50000000 0.00000000
vt 0.04774575 0.00000000 0.00000000
vt 0.09549150 0.50000000 0.00000000
vt 0.09549150 0.00000000 0.00000000
vt 0.14323725 0.50000000 0.00000000
vt 0.14323725 0.00000000 0.00000000
vt 0.19098300 0.50000000 0.00000000
vt 0.19098300 0.00000000 0.00000000
vt -0.04774563 0.00000000 0.00000000
vt -0.12499972 0.30901700 0.00000000
vt -0.37499818 0.00000000 0.00000000
vt -0.49999803 0.00000000 0.00000000
vt -0.37499753 -0.30901700 0.00000000
vt -0.49999961 -0.30901700 0.00000000
vt -0.37499958 0.00000000 0.00000000
vt -0.50000054 0.00000000 0.00000000
vt -0.12500000 -0.30901700 0.00000000
vt -0.25000000 -0.30901700 0.00000000
vt -0.37500000 -0.30901700 0.00000000
vt -0.50000000 -0.30901700 0.00000000
vt 0.37499741 -0.30901700 0.00000000
vt 0.49999842 -0.30901700 0.00000000
vt -0.37500015 0.00000000 0.00000000
vt -0.50000072 0.00000000 0.00000000
vt 0.07725425 -0.30901700 0.00000000
vt 0.07725425 -0.50000000 0.00000000
vt 0.00000000 -0.50000000 0.00000000
vt 0.15450850 -0.30901700 0.00000000
vt 0.15450850 -0.50000000 0.00000000
vt 0.23176275 -0.30901700 0.00000000
vt 0.23176275 -0.50000000 0.00000000
vt 0.30901700 -0.30901700 0.00000000
vt -0.07725406 -0.50000000 0.00000000
vt -0.07725426 -0.30901700 0.00000000
vt 0.04774575 -0.50000000 0.00000000
vt 0.09549150 -0.50000000 0.00000000
vt 0.14323725 -0.50000000 0.00000000
vt 0.19098300 -0.50000000 0.00000000
vt -0.04774574 -0.50000000 0.00000000
vt -0.12499984 0.00000000 0.00000000
vt -0.07725425 -0.50000000 0.00000000
vt -0.07725425 -0.30901700 0.00000000
vt -0.15450850 -0.50000000 0.00000000
vt -0.15450850 -0.30901700 0.00000000
vt -0.23176275 -0.50000000 0.00000000
vt -0.23176275 -0.30901700 0.00000000
vt -0.30901700 -0.50000000 0.00000000
vt -0.30901700 -0.30901700 0.00000000
vt 0.07725400 -0.30901700 0.00000000
vt 0.12500000 -0.00000000 0.00000000
vt 0.00000000 -0.00000000 0.00000000
vt 0.25000000 -0.00000000 0.00000000
vt 0.37500000 -0.00000000 0.00000000
vt 0.50000000 -0.00000000 0.00000000
vt -0.37500015 -0.00000000 0.00000000
vt -0.50000072 -0.00000000 0.00000000
vt -0.12499952 0.00000000 0.00000000
vt -0.37500009 -0.30901700 0.00000000
vt -0.50000238 -0.30901700 0.00000000
# 123 texture coords

g Hedra001
usemtl Material__42
s 1
f 1/1/1 2/1/2 3/1/3 
f 2/1/2 4/1/4 5/1/5 
f 2/1/2 5/1/5 3/1/3 
f 3/1/3 5/1/5 6/1/6 
f 1/1/1 3/1/3 7/1/7 
f 3/1/3 6/1/6 8/1/8 
f 3/1/3 8/1/8 7/1/7 
f 7/1/7 8/1/8 9/1/9 
f 1/1/1 7/1/7 10/1/10 
f 7/1/7 9/1/9 11/1/11 
f 7/1/7 11/1/11 10/1/10 
f 10/1/10 11/1/11 12/1/12 
f 1/1/1 10/1/10 2/1/2 
f 10/1/10 12/1/12 13/1/13 
f 10/1/10 13/1/13 2/1/2 
f 2/1/2 13/1/13 4/1/4 
f 14/1/14 15/1/15 16/1/16 
f 15/1/15 6/1/6 5/1/5 
f 15/1/15 5/1/5 16/1/16 
f 16/1/16 5/1/5 4/1/4 
f 14/1/14 17/1/17 15/1/15 
f 17/1/17 9/1/9 8/1/8 
f 17/1/17 8/1/8 15/1/15 
f 15/1/15 8/1/8 6/1/6 
f 14/1/14 18/1/18 17/1/17 
f 18/1/18 12/1/12 11/1/11 
f 18/1/18 11/1/11 17/1/17 
f 17/1/17 11/1/11 9/1/9 
f 14/1/14 16/1/16 18/1/18 
f 16/1/16 4/1/4 13/1/13 
f 16/1/16 13/1/13 18/1/18 
f 18/1/18 13/1/13 12/1/12 
f 19/2/1 20/2/2 21/2/3 
f 20/2/2 22/2/4 23/2/5 
f 20/2/2 23/2/5 21/2/3 
f 21/2/3 23/2/5 24/2/6 
f 19/2/1 21/2/3 25/2/7 
f 21/2/3 24/2/6 26/2/8 
f 21/2/3 26/2/8 25/2/7 
f 25/2/7 26/2/8 27/2/9 
f 19/2/1 25/2/7 28/2/10 
f 25/2/7 27/2/9 29/2/11 
f 25/2/7 29/2/11 28/2/10 
f 28/2/10 29/2/11 30/2/12 
f 19/2/1 28/2/10 20/2/2 
f 28/2/10 30/2/12 31/2/13 
f 28/2/10 31/2/13 20/2/2 
f 20/2/2 31/2/13 22/2/4 
f 32/2/14 33/2/15 34/2/16 
f 33/2/15 24/2/6 23/2/5 
f 33/2/15 23/2/5 34/2/16 
f 34/2/16 23/2/5 22/2/4 
f 32/2/14 35/2/17 33/2/15 
f 35/2/17 27/2/9 26/2/8 
f 35/2/17 26/2/8 33/2/15 
f 33/2/15 26/2/8 24/2/6 
f 32/2/14 36/2/18 35/2/17 
f 36/2/18 30/2/12 29/2/11 
f 36/2/18 29/2/11 35/2/17 
f 35/2/17 29/2/11 27/2/9 
f 32/2/14 34/2/16 36/2/18 
f 34/2/16 22/2/4 31/2/13 
f 34/2/16 31/2/13 36/2/18 
f 36/2/18 31/2/13 30/2/12 
f 37/3/1 38/3/19 39/3/20 
f 38/3/19 40/3/4 41/3/21 
f 38/3/19 41/3/21 39/3/20 
f 39/3/20 41/3/21 42/3/22 
f 37/3/1 39/3/20 43/3/23 
f 39/3/20 42/3/22 44/3/24 
f 39/3/20 44/3/24 43/3/23 
f 43/3/23 44/3/24 45/3/9 
f 37/3/1 43/3/23 46/3/25 
f 43/3/23 45/3/9 47/3/26 
f 43/3/23 47/3/26 46/3/25 
f 46/3/25 47/3/26 48/3/27 
f 37/3/1 46/3/25 38/3/19 
f 46/3/25 48/3/27 49/3/28 
f 46/3/25 49/3/28 38/3/19 
f 38/3/19 49/3/28 40/3/4 
f 50/3/14 51/3/29 52/3/30 
f 51/3/29 42/3/22 41/3/21 
f 51/3/29 41/3/21 52/3/30 
f 52/3/30 41/3/21 40/3/4 
f 50/3/14 53/3/31 51/3/29 
f 53/3/31 45/3/9 44/3/24 
f 53/3/31 44/3/24 51/3/29 
f 51/3/29 44/3/24 42/3/22 
f 50/3/14 54/3/32 53/3/31 
f 54/3/32 48/3/27 47/3/26 
f 54/3/32 47/3/26 53/3/31 
f 53/3/31 47/3/26 45/3/9 
f 50/3/14 52/3/30 54/3/32 
f 52/3/30 40/3/4 49/3/28 
f 52/3/30 49/3/28 54/3/32 
f 54/3/32 49/3/28 48/3/27 
f 55/3/1 56/3/33 57/3/34 
f 56/3/33 58/3/4 59/3/35 
f 56/3/33 59/3/35 57/3/34 
f 57/3/34 59/3/35 60/3/22 
f 55/3/1 57/3/34 61/3/7 
f 57/3/34 60/3/22 62/3/36 
f 57/3/34 62/3/36 61/3/7 
f 61/3/7 62/3/36 63/3/9 
f 55/3/1 61/3/7 64/3/37 
f 61/3/7 63/3/9 65/3/38 
f 61/3/7 65/3/38 64/3/37 
f 64/3/37 65/3/38 66/3/27 
f 55/3/1 64/3/37 56/3/33 
f 64/3/37 66/3/27 67/3/39 
f 64/3/37 67/3/39 56/3/33 
f 56/3/33 67/3/39 58/3/4 
f 68/3/14 69/3/40 70/3/16 
f 69/3/40 60/3/22 59/3/35 
f 69/3/40 59/3/35 70/3/16 
f 70/3/16 59/3/35 58/3/4 
f 68/3/14 71/3/41 69/3/40 
f 71/3/41 63/3/9 62/3/36 
f 71/3/41 62/3/36 69/3/40 
f 69/3/40 62/3/36 60/3/22 
f 68/3/14 72/3/42 71/3/41 
f 72/3/42 66/3/27 65/3/38 
f 72/3/42 65/3/38 71/3/41 
f 71/3/41 65/3/38 63/3/9 
f 68/3/14 70/3/16 72/3/42 
f 70/3/16 58/3/4 67/3/39 
f 70/3/16 67/3/39 72/3/42 
f 72/3/42 67/3/39 66/3/27 
f 73/2/1 74/2/33 75/2/34 
f 74/2/33 76/2/4 77/2/35 
f 74/2/33 77/2/35 75/2/34 
f 75/2/34 77/2/35 78/2/22 
f 73/2/1 75/2/34 79/2/7 
f 75/2/34 78/2/22 80/2/36 
f 75/2/34 80/2/36 79/2/7 
f 79/2/7 80/2/36 81/2/9 
f 73/2/1 79/2/7 82/2/37 
f 79/2/7 81/2/9 83/2/38 
f 79/2/7 83/2/38 82/2/37 
f 82/2/37 83/2/38 84/2/27 
f 73/2/1 82/2/37 74/2/33 
f 82/2/37 84/2/27 85/2/39 
f 82/2/37 85/2/39 74/2/33 
f 74/2/33 85/2/39 76/2/4 
f 86/2/14 87/2/40 88/2/16 
f 87/2/40 78/2/22 77/2/35 
f 87/2/40 77/2/35 88/2/16 
f 88/2/16 77/2/35 76/2/4 
f 86/2/14 89/2/41 87/2/40 
f 89/2/41 81/2/9 80/2/36 
f 89/2/41 80/2/36 87/2/40 
f 87/2/40 80/2/36 78/2/22 
f 86/2/14 90/2/42 89/2/41 
f 90/2/42 84/2/27 83/2/38 
f 90/2/42 83/2/38 89/2/41 
f 89/2/41 83/2/38 81/2/9 
f 86/2/14 88/2/16 90/2/42 
f 88/2/16 76/2/4 85/2/39 
f 88/2/16 85/2/39 90/2/42 
f 90/2/42 85/2/39 84/2/27 
f 91/4/1 92/4/19 93/4/20 
f 92/4/19 94/4/4 95/4/21 
f 92/4/19 95/4/21 93/4/20 
f 93/4/20 95/4/21 96/4/22 
f 91/4/1 93/4/20 97/4/23 
f 93/4/20 96/4/22 98/4/24 
f 93/4/20 98/4/24 97/4/23 
f 97/4/23 98/4/24 99/4/9 
f 91/4/1 97/4/23 100/4/25 
f 97/4/23 99/4/9 101/4/26 
f 97/4/23 101/4/26 100/4/25 
f 100/4/25 101/4/26 102/4/27 
f 91/4/1 100/4/25 92/4/19 
f 100/4/25 102/4/27 103/4/28 
f 100/4/25 103/4/28 92/4/19 
f 92/4/19 103/4/28 94/4/4 
f 104/4/14 105/4/29 106/4/30 
f 105/4/29 96/4/22 95/4/21 
f 105/4/29 95/4/21 106/4/30 
f 106/4/30 95/4/21 94/4/4 
f 104/4/14 107/4/31 105/4/29 
f 107/4/31 99/4/9 98/4/24 
f 107/4/31 98/4/24 105/4/29 
f 105/4/29 98/4/24 96/4/22 
f 104/4/14 108/4/32 107/4/31 
f 108/4/32 102/4/27 101/4/26 
f 108/4/32 101/4/26 107/4/31 
f 107/4/31 101/4/26 99/4/9 
f 104/4/14 106/4/30 108/4/32 
f 106/4/30 94/4/4 103/4/28 
f 106/4/30 103/4/28 108/4/32 
f 108/4/32 103/4/28 102/4/27 
f 109/5/1 110/5/33 111/5/34 
f 110/5/33 112/5/4 113/5/35 
f 110/5/33 113/5/35 111/5/34 
f 111/5/34 113/5/35 114/5/22 
f 109/5/1 111/5/34 115/5/7 
f 111/5/34 114/5/22 116/5/36 
f 111/5/34 116/5/36 115/5/7 
f 115/5/7 116/5/36 117/5/9 
f 109/5/1 115/5/7 118/5/37 
f 115/5/7 117/5/9 119/5/38 
f 115/5/7 119/5/38 118/5/37 
f 118/5/37 119/5/38 120/5/27 
f 109/5/1 118/5/37 110/5/33 
f 118/5/37 120/5/27 121/5/39 
f 118/5/37 121/5/39 110/5/33 
f 110/5/33 121/5/39 112/5/4 
f 122/5/14 123/5/40 124/5/16 
f 123/5/40 114/5/22 113/5/35 
f 123/5/40 113/5/35 124/5/16 
f 124/5/16 113/5/35 112/5/4 
f 122/5/14 125/5/41 123/5/40 
f 125/5/41 117/5/9 116/5/36 
f 125/5/41 116/5/36 123/5/40 
f 123/5/40 116/5/36 114/5/22 
f 122/5/14 126/5/42 125/5/41 
f 126/5/42 120/5/27 119/5/38 
f 126/5/42 119/5/38 125/5/41 
f 125/5/41 119/5/38 117/5/9 
f 122/5/14 124/5/16 126/5/42 
f 124/5/16 112/5/4 121/5/39 
f 124/5/16 121/5/39 126/5/42 
f 126/5/42 121/5/39 120/5/27 
f 127/4/1 128/4/33 129/4/34 
f 128/4/33 130/4/4 131/4/35 
f 128/4/33 131/4/35 129/4/34 
f 129/4/34 131/4/35 132/4/22 
f 127/4/1 129/4/34 133/4/7 
f 129/4/34 132/4/22 134/4/36 
f 129/4/34 134/4/36 133/4/7 
f 133/4/7 134/4/36 135/4/9 
f 127/4/1 133/4/7 136/4/37 
f 133/4/7 135/4/9 137/4/38 
f 133/4/7 137/4/38 136/4/37 
f 136/4/37 137/4/38 138/4/27 
f 127/4/1 136/4/37 128/4/33 
f 136/4/37 138/4/27 139/4/39 
f 136/4/37 139/4/39 128/4/33 
f 128/4/33 139/4/39 130/4/4 
f 140/4/14 141/4/40 142/4/16 
f 141/4/40 132/4/22 131/4/35 
f 141/4/40 131/4/35 142/4/16 
f 142/4/16 131/4/35 130/4/4 
f 140/4/14 143/4/41 141/4/40 
f 143/4/41 135/4/9 134/4/36 
f 143/4/41 134/4/36 141/4/40 
f 141/4/40 134/4/36 132/4/22 
f 140/4/14 144/4/42 143/4/41 
f 144/4/42 138/4/27 137/4/38 
f 144/4/42 137/4/38 143/4/41 
f 143/4/41 137/4/38 135/4/9 
f 140/4/14 142/4/16 144/4/42 
f 142/4/16 130/4/4 139/4/39 
f 142/4/16 139/4/39 144/4/42 
f 144/4/42 139/4/39 138/4/27 
f 145/6/1 146/6/19 147/6/20 
f 146/6/19 148/6/4 149/6/21 
f 146/6/19 149/6/21 147/6/20 
f 147/6/20 149/6/21 150/6/22 
f 145/6/1 147/6/20 151/6/23 
f 147/6/20 150/6/22 152/6/24 
f 147/6/20 152/6/24 151/6/23 
f 151/6/23 152/6/24 153/6/9 
f 145/6/1 151/6/23 154/6/25 
f 151/6/23 153/6/9 155/6/26 
f 151/6/23 155/6/26 154/6/25 
f 154/6/25 155/6/26 156/6/27 
f 145/6/1 154/6/25 146/6/19 
f 154/6/25 156/6/27 157/6/28 
f 154/6/25 157/6/28 146/6/19 
f 146/6/19 157/6/28 148/6/4 
f 158/6/14 159/6/29 160/6/30 
f 159/6/29 150/6/22 149/6/21 
f 159/6/29 149/6/21 160/6/30 
f 160/6/30 149/6/21 148/6/4 
f 158/6/14 161/6/31 159/6/29 
f 161/6/31 153/6/9 152/6/24 
f 161/6/31 152/6/24 159/6/29 
f 159/6/29 152/6/24 150/6/22 
f 158/6/14 162/6/32 161/6/31 
f 162/6/32 156/6/27 155/6/26 
f 162/6/32 155/6/26 161/6/31 
f 161/6/31 155/6/26 153/6/9 
f 158/6/14 160/6/30 162/6/32 
f 160/6/30 148/6/4 157/6/28 
f 160/6/30 157/6/28 162/6/32 
f 162/6/32 157/6/28 156/6/27 
f 163/5/1 164/5/2 165/5/3 
f 164/5/2 166/5/4 167/5/5 
f 164/5/2 167/5/5 165/5/3 
f 165/5/3 167/5/5 168/5/6 
f 163/5/1 165/5/3 169/5/7 
f 165/5/3 168/5/6 170/5/8 
f 165/5/3 170/5/8 169/5/7 
f 169/5/7 170/5/8 171/5/9 
f 163/5/1 169/5/7 172/5/10 
f 169/5/7 171/5/9 173/5/11 
f 169/5/7 173/5/11 172/5/10 
f 172/5/10 173/5/11 174/5/12 
f 163/5/1 172/5/10 164/5/2 
f 172/5/10 174/5/12 175/5/13 
f 172/5/10 175/5/13 164/5/2 
f 164/5/2 175/5/13 166/5/4 
f 176/5/14 177/5/15 178/5/16 
f 177/5/15 168/5/6 167/5/5 
f 177/5/15 167/5/5 178/5/16 
f 178/5/16 167/5/5 166/5/4 
f 176/5/14 179/5/17 177/5/15 
f 179/5/17 171/5/9 170/5/8 
f 179/5/17 170/5/8 177/5/15 
f 177/5/15 170/5/8 168/5/6 
f 176/5/14 180/5/18 179/5/17 
f 180/5/18 174/5/12 173/5/11 
f 180/5/18 173/5/11 179/5/17 
f 179/5/17 173/5/11 171/5/9 
f 176/5/14 178/5/16 180/5/18 
f 178/5/16 166/5/4 175/5/13 
f 178/5/16 175/5/13 180/5/18 
f 180/5/18 175/5/13 174/5/12 
f 181/7/1 182/7/2 183/7/3 
f 182/7/2 184/7/4 185/7/5 
f 182/7/2 185/7/5 183/7/3 
f 183/7/3 185/7/5 186/7/6 
f 181/7/1 183/7/3 187/7/7 
f 183/7/3 186/7/6 188/7/8 
f 183/7/3 188/7/8 187/7/7 
f 187/7/7 188/7/8 189/7/9 
f 181/7/1 187/7/7 190/7/10 
f 187/7/7 189/7/9 191/7/11 
f 187/7/7 191/7/11 190/7/10 
f 190/7/10 191/7/11 192/7/12 
f 181/7/1 190/7/10 182/7/2 
f 190/7/10 192/7/12 193/7/13 
f 190/7/10 193/7/13 182/7/2 
f 182/7/2 193/7/13 184/7/4 
f 194/7/14 195/7/15 196/7/16 
f 195/7/15 186/7/6 185/7/5 
f 195/7/15 185/7/5 196/7/16 
f 196/7/16 185/7/5 184/7/4 
f 194/7/14 197/7/17 195/7/15 
f 197/7/17 189/7/9 188/7/8 
f 197/7/17 188/7/8 195/7/15 
f 195/7/15 188/7/8 186/7/6 
f 194/7/14 198/7/18 197/7/17 
f 198/7/18 192/7/12 191/7/11 
f 198/7/18 191/7/11 197/7/17 
f 197/7/17 191/7/11 189/7/9 
f 194/7/14 196/7/16 198/7/18 
f 196/7/16 184/7/4 193/7/13 
