*3DSMAX_ASCIIEXPORT	110
*COMMENT "[ GothicSourcer v3.10 ] - August 2006"
*SCENE {
	*SCENE_FILENAME "ARMOR_LEATHER_L.MAX"
	*SCENE_FIRSTFRAME 0
	*SCENE_LASTFRAME 100
	*SCENE_FRAMESPEED 25
	*SCENE_TICKSPERFRAME 192
	*SCENE_BACKGROUND_STATIC 0	0	0
	*SCENE_AMBIENT_STATIC 0.2	0.2	0.2
}
*MATERIAL_LIST {
	*MATERIAL_COUNT 1
	*MATERIAL 0 {
		*MATERIAL_NAME "Compound Material #1"
		*MATERIAL_CLASS "Multi/Sub-Object"
		*NUMSUBMTLS 2
		*SUBMATERIAL 0 {
			*MATERIAL_NAME "SCHMIED"
			*MATERIAL_CLASS "Standard"
			*MATERIAL_AMBIENT 0.180392	0.113725	0.0862745
			*MATERIAL_DIFFUSE 0.180392	0.113725	0.0862745
			*MATERIAL_SPECULAR 0.9	0.9	0.9
			*MATERIAL_SHINE 0.1
			*MATERIAL_SHINESTRENGTH 0
			*MATERIAL_TRANSPARENCY 0
			*MATERIAL_WIRESIZE 1
			*MATERIAL_SHADING Blinn
			*MATERIAL_XP_FALLOFF 0
			*MATERIAL_SELFILLUM 0
			*MATERIAL_FALLOFF In
			*MATERIAL_XP_TYPE Filter
			*MAP_DIFFUSE {
				*MAP_NAME "Map #1-1"
				*MAP_CLASS "Bitmap"
				*MAP_SUBNO 1
				*MAP_AMOUNT 1
				*BITMAP "WALDLAEUFER.TGA"
				*MAP_TYPE Screen
				*UVW_U_OFFSET 0
				*UVW_V_OFFSET 0
				*UVW_U_TILING 1
				*UVW_V_TILING 1
				*UVW_ANGLE 0
				*UVW_BLUR 1
				*UVW_BLUR_OFFSET 0
				*UVW_NOUSE_AMT 1
				*UVW_NOISE_SIZE 1
				*UVW_NOISE_LEVEL 1
				*UVW_NOISE_PHASE 0
				*BITMAP_FILTER Pyramidal
			}
		}
		*SUBMATERIAL 1 {
			*MATERIAL_NAME "MATERIAL #334"
			*MATERIAL_CLASS "Standard"
			*MATERIAL_AMBIENT 0.509804	0.407843	0.305882
			*MATERIAL_DIFFUSE 0.509804	0.407843	0.305882
			*MATERIAL_SPECULAR 0.9	0.9	0.9
			*MATERIAL_SHINE 0.1
			*MATERIAL_SHINESTRENGTH 0
			*MATERIAL_TRANSPARENCY 0
			*MATERIAL_WIRESIZE 1
			*MATERIAL_SHADING Blinn
			*MATERIAL_XP_FALLOFF 0
			*MATERIAL_SELFILLUM 0
			*MATERIAL_FALLOFF In
			*MATERIAL_XP_TYPE Filter
			*MAP_DIFFUSE {
				*MAP_NAME "Map #1-2"
				*MAP_CLASS "Bitmap"
				*MAP_SUBNO 1
				*MAP_AMOUNT 1
				*BITMAP "HUM_BODY_NAKED_V0_C0.TGA"
				*MAP_TYPE Screen
				*UVW_U_OFFSET 0
				*UVW_V_OFFSET 0
				*UVW_U_TILING 1
				*UVW_V_TILING 1
				*UVW_ANGLE 0
				*UVW_BLUR 1
				*UVW_BLUR_OFFSET 0
				*UVW_NOUSE_AMT 1
				*UVW_NOISE_SIZE 1
				*UVW_NOISE_LEVEL 1
				*UVW_NOISE_PHASE 0
				*BITMAP_FILTER Pyramidal
			}
		}
	}
}
*HELPEROBJECT {
	*NODE_NAME "Bip01"
	*NODE_TM {
		*NODE_NAME "Bip01"
		*TM_ROW0 6.27438e-006	-1	0
		*TM_ROW1 1	6.27438e-006	0
		*TM_ROW2 -0	-0	1
		*TM_ROW3 0	-7.37745	99.9496
		*TM_POS 0	-7.37745	99.9496
		*TM_ROTAXIS 0	0	1
		*TM_ROTANGLE 1.57079
		*TM_SCALE 1	1	1
		*TM_SCALEAXIS 0	0	0
		*TM_SCALEAXISANG 0	0	0
	}
}
*HELPEROBJECT {
	*NODE_NAME "Bip01 Pelvis"
	*NODE_PARENT "Bip01"
	*NODE_TM {
		*NODE_NAME "Bip01 Pelvis"
		*TM_ROW0 -5.96014e-008	1.79264e-006	1
		*TM_ROW1 -1.79264e-006	-1	1.79264e-006
		*TM_ROW2 1	-1.79264e-006	-5.96014e-008
		*TM_ROW3 1e-005	-8.0113	99.9496
		*TM_POS 1e-005	-8.0113	99.9496
		*TM_ROTAXIS 0.707107	0	0.707107
		*TM_ROTANGLE 3.1416
		*TM_SCALE 1	1	1
		*TM_SCALEAXIS 0	0	0
		*TM_SCALEAXISANG 0	0	0
	}
}
*HELPEROBJECT {
	*NODE_NAME "Bip01 Spine"
	*NODE_PARENT "Bip01 Pelvis"
	*NODE_TM {
		*NODE_NAME "Bip01 Spine"
		*TM_ROW0 6.6944e-008	-0.0205947	0.999788
		*TM_ROW1 5.48642e-006	-0.999788	-0.0205947
		*TM_ROW2 1	5.48642e-006	6.6944e-008
		*TM_ROW3 1e-005	-7.92216	102.35
		*TM_POS 1e-005	-7.92216	102.35
		*TM_ROTAXIS 0.707088	-0.00727998	0.707088
		*TM_ROTANGLE 3.12703
		*TM_SCALE 1	1	1
		*TM_SCALEAXIS 0	0	0
		*TM_SCALEAXISANG 0	0	0
	}
}
*HELPEROBJECT {
	*NODE_NAME "Bip01 Spine1"
	*NODE_PARENT "Bip01 Spine"
	*NODE_TM {
		*NODE_NAME "Bip01 Spine1"
		*TM_ROW0 6.76996e-008	-0.00276992	0.999996
		*TM_ROW1 -1.92621e-006	-0.999996	-0.00276991
		*TM_ROW2 1	-1.92621e-006	6.76996e-008
		*TM_ROW3 1e-005	-8.11442	112.175
		*TM_POS 1e-005	-8.11442	112.175
		*TM_ROTAXIS -0.707107	0.000979995	-0.707106
		*TM_ROTANGLE 3.14355
		*TM_SCALE 1	1	1
		*TM_SCALEAXIS 0	0	0
		*TM_SCALEAXISANG 0	0	0
	}
}
*HELPEROBJECT {
	*NODE_NAME "Bip01 Spine2"
	*NODE_PARENT "Bip01 Spine1"
	*NODE_TM {
		*NODE_NAME "Bip01 Spine2"
		*TM_ROW0 3.48622e-008	0.180243	0.983622
		*TM_ROW1 1.67638e-006	-0.983622	0.180243
		*TM_ROW2 1	1.67638e-006	3.48621e-008
		*TM_ROW3 1e-005	-8.1264	124.961
		*TM_POS 1e-005	-8.1264	124.961
		*TM_ROTAXIS 0.705652	0.0641202	0.705652
		*TM_ROTANGLE 3.26966
		*TM_SCALE 1	1	1
		*TM_SCALEAXIS 0	0	0
		*TM_SCALEAXISANG 0	0	0
	}
}
*HELPEROBJECT {
	*NODE_NAME "Bip01 Neck"
	*NODE_PARENT "Bip01 Spine2"
	*NODE_TM {
		*NODE_NAME "Bip01 Neck"
		*TM_ROW0 6.08698e-007	-0.167043	0.98595
		*TM_ROW1 4.70132e-006	-0.98595	-0.167043
		*TM_ROW2 1	4.70132e-006	6.08698e-007
		*TM_ROW3 -2.11471e-012	-2.71656	154.454
		*TM_POS -2.11471e-012	-2.71656	154.454
		*TM_ROTAXIS -0.70586	0.05937	-0.705859
		*TM_ROTANGLE 3.2602
		*TM_SCALE 1	1	1
		*TM_SCALEAXIS 0	0	0
		*TM_SCALEAXISANG 0	0	0
	}
}
*HELPEROBJECT {
	*NODE_NAME "Bip01 Head"
	*NODE_PARENT "Bip01 Neck"
	*NODE_TM {
		*NODE_NAME "Bip01 Head"
		*TM_ROW0 -5.96015e-008	1.76921e-006	1
		*TM_ROW1 -1.79264e-006	-1	1.77916e-006
		*TM_ROW2 1	-1.79264e-006	-5.96014e-008
		*TM_ROW3 1.63729e-011	-3.85901	161.198
		*TM_POS 1.63729e-011	-3.85901	161.198
		*TM_ROTAXIS -0.707107	4.76653e-009	-0.707107
		*TM_ROTANGLE 3.14159
		*TM_SCALE 1	1	1
		*TM_SCALEAXIS 0	0	0
		*TM_SCALEAXISANG 0	0	0
	}
}
*HELPEROBJECT {
	*NODE_NAME "ZS_HELMET"
	*NODE_PARENT "Bip01 Head"
	*NODE_TM {
		*NODE_NAME "ZS_HELMET"
		*TM_ROW0 1	5.73874e-013	4.35659e-014
		*TM_ROW1 -4.07319e-013	0.996917	-0.0784593
		*TM_ROW2 -4.76109e-014	0.0784593	0.996918
		*TM_ROW3 1e-005	-7.06248	173.704
		*TM_POS 1e-005	-7.06248	173.704
		*TM_ROTAXIS 1	5.81045e-013	-6.25288e-012
		*TM_ROTANGLE 0.078541
		*TM_SCALE 1	1	1
		*TM_SCALEAXIS 0	0	0
		*TM_SCALEAXISANG 0	0	0
	}
}
*HELPEROBJECT {
	*NODE_NAME "Bip01 L Clavicle"
	*NODE_PARENT "Bip01 Neck"
	*NODE_TM {
		*NODE_NAME "Bip01 L Clavicle"
		*TM_ROW0 0.935229	-0.203893	-0.289439
		*TM_ROW1 0.156435	0.971369	-0.178803
		*TM_ROW2 0.317608	0.121943	0.940348
		*TM_ROW3 7.96399	-1.25804	148.729
		*TM_POS 7.96399	-1.25804	148.729
		*TM_ROTAXIS 0.391939	-0.791119	0.469589
		*TM_ROTANGLE 0.39376
		*TM_SCALE 1	1	1
		*TM_SCALEAXIS 0	0	0
		*TM_SCALEAXISANG 0	0	0
	}
}
*HELPEROBJECT {
	*NODE_NAME "Bip01 L UpperArm"
	*NODE_PARENT "Bip01 L Clavicle"
	*NODE_TM {
		*NODE_NAME "Bip01 L UpperArm"
		*TM_ROW0 0.246229	0.0989026	-0.964152
		*TM_ROW1 0.412789	0.889345	0.196649
		*TM_ROW2 0.876913	-0.446412	0.178157
		*TM_ROW3 20.4269	-3.97508	144.872
		*TM_POS 20.4269	-3.97508	144.872
		*TM_ROTAXIS -0.325561	-0.932072	0.15891
		*TM_ROTANGLE 1.41328
		*TM_SCALE 1	1	1
		*TM_SCALEAXIS 0	0	0
		*TM_SCALEAXISANG 0	0	0
	}
}
*HELPEROBJECT {
	*NODE_NAME "Bip01 L Forearm"
	*NODE_PARENT "Bip01 L UpperArm"
	*NODE_TM {
		*NODE_NAME "Bip01 L Forearm"
		*TM_ROW0 0.0455122	-0.291882	-0.955371
		*TM_ROW1 0.478489	0.845886	-0.235638
		*TM_ROW2 0.876913	-0.44641	0.17816
		*TM_ROW3 27.2982	-1.21526	117.966
		*TM_POS 27.2982	-1.21526	117.966
		*TM_ROTAXIS -0.10545	-0.916697	0.385419
		*TM_ROTANGLE 1.53601
		*TM_SCALE 1	1	1
		*TM_SCALEAXIS 0	0	0
		*TM_SCALEAXISANG 0	0	0
	}
}
*HELPEROBJECT {
	*NODE_NAME "Bip01 L Hand"
	*NODE_PARENT "Bip01 L Forearm"
	*NODE_TM {
		*NODE_NAME "Bip01 L Hand"
		*TM_ROW0 0.0455132	-0.291886	-0.95537
		*TM_ROW1 -0.876533	0.44708	-0.17835
		*TM_ROW2 0.479185	0.845531	-0.2355
		*TM_ROW3 28.5642	-9.33439	91.391
		*TM_POS 28.5642	-9.33439	91.391
		*TM_ROTAXIS 0.551391	-0.772552	-0.314851
		*TM_ROTANGLE 1.95137
		*TM_SCALE 1	1	1
		*TM_SCALEAXIS 0	0	0
		*TM_SCALEAXISANG 0	0	0
	}
}
*HELPEROBJECT {
	*NODE_NAME "Bip01 L Finger0"
	*NODE_PARENT "Bip01 L Hand"
	*NODE_TM {
		*NODE_NAME "Bip01 L Finger0"
		*TM_ROW0 0.0455152	-0.291888	-0.955369
		*TM_ROW1 -0.876915	0.446405	-0.178165
		*TM_ROW2 0.478485	0.845886	-0.235643
		*TM_ROW3 29.15	-13.0909	79.0956
		*TM_POS 29.15	-13.0909	79.0956
		*TM_ROTAXIS 0.551581	-0.772311	-0.31511
		*TM_ROTANGLE 1.95181
		*TM_SCALE 1	1	1
		*TM_SCALEAXIS 0	0	0
		*TM_SCALEAXISANG 0	0	0
	}
}
*HELPEROBJECT {
	*NODE_NAME "ZS_LEFTHAND"
	*NODE_PARENT "Bip01 L Hand"
	*NODE_TM {
		*NODE_NAME "ZS_LEFTHAND"
		*TM_ROW0 0.435606	0.890062	-0.134303
		*TM_ROW1 0.180312	-0.232461	-0.955745
		*TM_ROW2 -0.881893	0.392112	-0.261751
		*TM_ROW3 26.7605	-11.5468	82.7857
		*TM_POS 26.7605	-11.5468	82.7857
		*TM_ROTAXIS 0.794322	0.440571	-0.418271
		*TM_ROTANGLE 2.12858
		*TM_SCALE 1	1	1
		*TM_SCALEAXIS 0	0	0
		*TM_SCALEAXISANG 0	0	0
	}
}
*HELPEROBJECT {
	*NODE_NAME "ZS_LEFTARM"
	*NODE_PARENT "Bip01 L Forearm"
	*NODE_TM {
		*NODE_NAME "ZS_LEFTARM"
		*TM_ROW0 0.0759923	-0.150176	-0.985735
		*TM_ROW1 0.524499	0.846792	-0.0885736
		*TM_ROW2 0.848013	-0.510285	0.143117
		*TM_ROW3 26.9101	-7.67833	110.055
		*TM_POS 26.9101	-7.67833	110.055
		*TM_ROTAXIS -0.21097	-0.917372	0.337521
		*TM_ROTANGLE 1.53784
		*TM_SCALE 1	1	1
		*TM_SCALEAXIS 0	0	0
		*TM_SCALEAXISANG 0	0	0
	}
}
*HELPEROBJECT {
	*NODE_NAME "Bip01 R Clavicle"
	*NODE_PARENT "Bip01 Neck"
	*NODE_TM {
		*NODE_NAME "Bip01 R Clavicle"
		*TM_ROW0 -0.935227	-0.203899	-0.28944
		*TM_ROW1 -0.156442	0.971369	-0.178799
		*TM_ROW2 0.317609	-0.121937	-0.940349
		*TM_ROW3 -7.96398	-1.25806	148.729
		*TM_POS -7.96398	-1.25806	148.729
		*TM_ROTAXIS -0.0929799	0.992639	-0.0775999
		*TM_ROTANGLE 3.45235
		*TM_SCALE 1	1	1
		*TM_SCALEAXIS 0	0	0
		*TM_SCALEAXISANG 0	0	0
	}
}
*HELPEROBJECT {
	*NODE_NAME "Bip01 R UpperArm"
	*NODE_PARENT "Bip01 R Clavicle"
	*NODE_TM {
		*NODE_NAME "Bip01 R UpperArm"
		*TM_ROW0 -0.246232	0.0988932	-0.964153
		*TM_ROW1 -0.412793	0.889345	0.196642
		*TM_ROW2 0.876911	0.446415	-0.178163
		*TM_ROW3 -20.4269	-3.97513	144.872
		*TM_POS -20.4269	-3.97513	144.872
		*TM_ROTAXIS 0.12961	-0.955353	-0.265521
		*TM_ROTANGLE 1.84162
		*TM_SCALE 1	1	1
		*TM_SCALEAXIS 0	0	0
		*TM_SCALEAXISANG 0	0	0
	}
}
*HELPEROBJECT {
	*NODE_NAME "Bip01 R Forearm"
	*NODE_PARENT "Bip01 R UpperArm"
	*NODE_TM {
		*NODE_NAME "Bip01 R Forearm"
		*TM_ROW0 -0.0455087	-0.291889	-0.955369
		*TM_ROW1 -0.478487	0.845885	-0.235646
		*TM_ROW2 0.876915	0.446408	-0.17816
		*TM_ROW3 -27.2982	-1.21534	117.966
		*TM_POS -27.2982	-1.21534	117.966
		*TM_ROTAXIS 0.347279	-0.932937	-0.0950097
		*TM_ROTANGLE 1.76083
		*TM_SCALE 1	1	1
		*TM_SCALEAXIS 0	0	0
		*TM_SCALEAXISANG 0	0	0
	}
}
*HELPEROBJECT {
	*NODE_NAME "Bip01 R Hand"
	*NODE_PARENT "Bip01 R Forearm"
	*NODE_TM {
		*NODE_NAME "Bip01 R Hand"
		*TM_ROW0 -0.0455115	-0.291885	-0.95537
		*TM_ROW1 0.87653	0.447088	-0.17835
		*TM_ROW2 0.479192	-0.845527	0.235499
		*TM_ROW3 -28.5642	-9.33445	91.3911
		*TM_POS -28.5642	-9.33445	91.3911
		*TM_ROTAXIS -0.33922	-0.72939	0.59407
		*TM_ROTANGLE 1.75327
		*TM_SCALE 1	1	1
		*TM_SCALEAXIS 0	0	0
		*TM_SCALEAXISANG 0	0	0
	}
}
*HELPEROBJECT {
	*NODE_NAME "Bip01 R Finger0"
	*NODE_PARENT "Bip01 R Hand"
	*NODE_TM {
		*NODE_NAME "Bip01 R Finger0"
		*TM_ROW0 -0.0455056	-0.291877	-0.955373
		*TM_ROW1 0.876914	0.446413	-0.178152
		*TM_ROW2 0.478489	-0.845886	0.235636
		*TM_ROW3 -29.1499	-13.0909	79.0956
		*TM_POS -29.1499	-13.0909	79.0956
		*TM_ROTAXIS -0.33952	-0.729071	0.594291
		*TM_ROTANGLE 1.75354
		*TM_SCALE 1	1	1
		*TM_SCALEAXIS 0	0	0
		*TM_SCALEAXISANG 0	0	0
	}
}
*HELPEROBJECT {
	*NODE_NAME "ZS_RIGHTHAND"
	*NODE_PARENT "Bip01 R Hand"
	*NODE_TM {
		*NODE_NAME "ZS_RIGHTHAND"
		*TM_ROW0 -0.464344	0.856417	-0.225687
		*TM_ROW1 0.177861	0.339806	0.923525
		*TM_ROW2 0.867612	0.388692	-0.31011
		*TM_ROW3 -20.9389	-19.9852	85.8932
		*TM_POS -20.9389	-19.9852	85.8932
		*TM_ROTAXIS 0.383811	0.784581	0.486951
		*TM_ROTANGLE 3.91244
		*TM_SCALE 1	1	1
		*TM_SCALEAXIS 0	0	0
		*TM_SCALEAXISANG 0	0	0
	}
}
*HELPEROBJECT {
	*NODE_NAME "ZS_CROSSBOW"
	*NODE_PARENT "Bip01 Spine2"
	*NODE_TM {
		*NODE_NAME "ZS_CROSSBOW"
		*TM_ROW0 -0.382687	-0.111464	0.91713
		*TM_ROW1 -0.923878	0.0461715	-0.379891
		*TM_ROW2 -1.2517e-006	-0.992695	-0.120648
		*TM_ROW3 -14.434	10.5915	165.98
		*TM_POS -14.434	10.5915	165.98
		*TM_ROTAXIS -0.447329	0.669479	-0.593039
		*TM_ROTANGLE 2.38705
		*TM_SCALE 1	1	1
		*TM_SCALEAXIS 0	0	0
		*TM_SCALEAXISANG 0	0	0
	}
}
*HELPEROBJECT {
	*NODE_NAME "ZS_LONGSWORD"
	*NODE_PARENT "Bip01 Spine2"
	*NODE_TM {
		*NODE_NAME "ZS_LONGSWORD"
		*TM_ROW0 -0.499829	-0.0915011	0.861277
		*TM_ROW1 -0.865729	0.0828188	-0.493614
		*TM_ROW2 -0.0261636	-0.992355	-0.12061
		*TM_ROW3 -18.1593	6.92629	157.64
		*TM_POS -18.1593	6.92629	157.64
		*TM_ROTAXIS -0.38996	0.69388	-0.60536
		*TM_ROTANGLE 2.44778
		*TM_SCALE 1	1	1
		*TM_SCALEAXIS 0	0	0
		*TM_SCALEAXISANG 0	0	0
	}
}
*HELPEROBJECT {
	*NODE_NAME "ZS_SHIELD"
	*NODE_PARENT "Bip01 Spine2"
	*NODE_TM {
		*NODE_NAME "ZS_SHIELD"
		*TM_ROW0 -0.0138681	0.114196	-0.993362
		*TM_ROW1 -0.908393	0.413755	0.0602465
		*TM_ROW2 0.417888	0.903198	0.0979964
		*TM_ROW3 8.76511	9.5282	131.875
		*TM_POS 8.76511	9.5282	131.875
		*TM_ROTAXIS 0.435421	-0.728972	-0.528212
		*TM_ROTANGLE 1.82457
		*TM_SCALE 1	1	1
		*TM_SCALEAXIS 0	0	0
		*TM_SCALEAXISANG 0	0	0
	}
}
*HELPEROBJECT {
	*NODE_NAME "ZS_BOW"
	*NODE_PARENT "Bip01 Spine2"
	*NODE_TM {
		*NODE_NAME "ZS_BOW"
		*TM_ROW0 -0.341816	-0.0868229	0.935748
		*TM_ROW1 0.0119438	0.995242	0.0967059
		*TM_ROW2 -0.939691	0.044232	-0.339153
		*TM_ROW3 0.5012	12.4143	124.55
		*TM_POS 0.5012	12.4143	124.55
		*TM_ROTAXIS -0.0279299	0.998227	0.0525698
		*TM_ROTANGLE 1.92076
		*TM_SCALE 1	1	1
		*TM_SCALEAXIS 0	0	0
		*TM_SCALEAXISANG 0	0	0
	}
}
*HELPEROBJECT {
	*NODE_NAME "ZS_SWORD"
	*NODE_PARENT "Bip01 Spine"
	*NODE_TM {
		*NODE_NAME "ZS_SWORD"
		*TM_ROW0 5.79068e-007	-0.347172	0.937802
		*TM_ROW1 1.04308e-007	0.937802	0.347172
		*TM_ROW2 -1	-1.04308e-007	5.79068e-007
		*TM_ROW3 17.5015	-4.36211	106.367
		*TM_POS 17.5015	-4.36211	106.367
		*TM_ROTAXIS -0.17367	0.96937	0.17367
		*TM_ROTANGLE 1.6019
		*TM_SCALE 1	1	1
		*TM_SCALEAXIS 0	0	0
		*TM_SCALEAXISANG 0	0	0
	}
}
*HELPEROBJECT {
	*NODE_NAME "Bip01 L Thigh"
	*NODE_PARENT "Bip01 Pelvis"
	*NODE_TM {
		*NODE_NAME "Bip01 L Thigh"
		*TM_ROW0 0.0534879	-0.0367886	-0.997891
		*TM_ROW1 -0.00216181	-0.999323	0.0367256
		*TM_ROW2 -0.998566	0.000192882	-0.0535313
		*TM_ROW3 9.01023	-8.01129	99.9496
		*TM_POS 9.01023	-8.01129	99.9496
		*TM_ROTAXIS 0.72572	-0.01342	-0.68786
		*TM_ROTANGLE 3.16677
		*TM_SCALE 1	1	1
		*TM_SCALEAXIS 0	0	0
		*TM_SCALEAXISANG 0	0	0
	}
}
*HELPEROBJECT {
	*NODE_NAME "Bip01 L Calf"
	*NODE_PARENT "Bip01 L Thigh"
	*NODE_TM {
		*NODE_NAME "Bip01 L Calf"
		*TM_ROW0 0.0525131	0.197552	-0.978885
		*TM_ROW1 0.0103904	-0.980292	-0.197278
		*TM_ROW2 -0.998566	0.000188708	-0.0535307
		*TM_ROW3 11.1149	-9.45845	60.6877
		*TM_POS 11.1149	-9.45845	60.6877
		*TM_ROTAXIS 0.723901	0.0721501	-0.686121
		*TM_ROTANGLE 3.00478
		*TM_SCALE 1	1	1
		*TM_SCALEAXIS 0	0	0
		*TM_SCALEAXISANG 0	0	0
	}
}
*HELPEROBJECT {
	*NODE_NAME "Bip01 L Foot"
	*NODE_PARENT "Bip01 L Calf"
	*NODE_TM {
		*NODE_NAME "Bip01 L Foot"
		*TM_ROW0 -6.00563e-007	7.23674e-006	-1
		*TM_ROW1 0.173652	-0.984807	-7.2672e-006
		*TM_ROW2 -0.984807	-0.173652	-5.93313e-007
		*TM_ROW3 13.6935	0.240668	12.6267
		*TM_POS 13.6935	0.240668	12.6267
		*TM_ROTAXIS 0.705757	0.0617498	-0.705757
		*TM_ROTANGLE 3.26493
		*TM_SCALE 1	1	1
		*TM_SCALEAXIS 0	0	0
		*TM_SCALEAXISANG 0	0	0
	}
}
*HELPEROBJECT {
	*NODE_NAME "Bip01 L Toe0"
	*NODE_PARENT "Bip01 L Foot"
	*NODE_TM {
		*NODE_NAME "Bip01 L Toe0"
		*TM_ROW0 0.173646	-0.984808	5.05606e-006
		*TM_ROW1 5.06961e-006	5.93591e-006	1
		*TM_ROW2 -0.984808	-0.173646	5.91983e-006
		*TM_ROW3 17.6256	-22.0591	-2.43328e-006
		*TM_POS 17.6256	-22.0591	-2.43328e-006
		*TM_ROTAXIS -0.644398	0.540718	0.540718
		*TM_ROTANGLE 1.99673
		*TM_SCALE 1	1	1
		*TM_SCALEAXIS 0	0	0
		*TM_SCALEAXISANG 0	0	0
	}
}
*HELPEROBJECT {
	*NODE_NAME "Bip01 R Thigh"
	*NODE_PARENT "Bip01 Pelvis"
	*NODE_TM {
		*NODE_NAME "Bip01 R Thigh"
		*TM_ROW0 -0.0535034	-0.0367749	-0.99789
		*TM_ROW1 0.00205776	-0.999324	0.0367174
		*TM_ROW2 -0.998566	-8.89041e-005	0.0535432
		*TM_ROW3 -9.01021	-8.01132	99.9496
		*TM_POS -9.01021	-8.01132	99.9496
		*TM_ROTAXIS 0.687862	-0.01262	-0.725732
		*TM_ROTANGLE 3.16835
		*TM_SCALE 1	1	1
		*TM_SCALEAXIS 0	0	0
		*TM_SCALEAXISANG 0	0	0
	}
}
*HELPEROBJECT {
	*NODE_NAME "Bip01 R Calf"
	*NODE_PARENT "Bip01 R Thigh"
	*NODE_TM {
		*NODE_NAME "Bip01 R Calf"
		*TM_ROW0 -0.0525024	0.197539	-0.978888
		*TM_ROW1 -0.0104967	-0.980295	-0.19726
		*TM_ROW2 -0.998566	-8.16062e-005	0.0535415
		*TM_ROW3 -11.1154	-9.45856	60.6878
		*TM_POS -11.1154	-9.45856	60.6878
		*TM_ROTAXIS 0.686298	0.0684898	-0.724088
		*TM_ROTANGLE 2.99744
		*TM_SCALE 1	1	1
		*TM_SCALEAXIS 0	0	0
		*TM_SCALEAXISANG 0	0	0
	}
}
*HELPEROBJECT {
	*NODE_NAME "Bip01 R Foot"
	*NODE_PARENT "Bip01 R Calf"
	*NODE_TM {
		*NODE_NAME "Bip01 R Foot"
		*TM_ROW0 -5.86066e-007	-7.25461e-006	-1
		*TM_ROW1 -0.173652	-0.984807	7.24331e-006
		*TM_ROW2 -0.984807	0.173652	-5.91966e-007
		*TM_ROW3 -13.6935	0.24065	12.6267
		*TM_POS -13.6935	0.24065	12.6267
		*TM_ROTAXIS 0.705757	-0.0617498	-0.705757
		*TM_ROTANGLE 3.01826
		*TM_SCALE 1	1	1
		*TM_SCALEAXIS 0	0	0
		*TM_SCALEAXISANG 0	0	0
	}
}
*HELPEROBJECT {
	*NODE_NAME "Bip01 R Toe0"
	*NODE_PARENT "Bip01 R Foot"
	*NODE_TM {
		*NODE_NAME "Bip01 R Toe0"
		*TM_ROW0 -0.173651	-0.984807	3.50312e-006
		*TM_ROW1 3.50539e-006	3.00781e-006	1
		*TM_ROW2 -0.984808	0.173651	3.01546e-006
		*TM_ROW3 -17.6255	-22.0592	3.52698e-005
		*TM_POS -17.6255	-22.0592	3.52698e-005
		*TM_ROTAXIS 0.510271	-0.608121	-0.608121
		*TM_ROTANGLE 4.08526
		*TM_SCALE 1	1	1
		*TM_SCALEAXIS 0	0	0
		*TM_SCALEAXISANG 0	0	0
	}
}
*HELPEROBJECT {
	*NODE_NAME "Dummy"
	*NODE_PARENT "Bip01 L Finger0"
	*NODE_TM {
		*NODE_NAME "Dummy"
		*TM_ROW0 -1	-0	0
		*TM_ROW1 -0	-1	0
		*TM_ROW2 -0	-0	1
		*TM_ROW3 29.4428	-14.9691	72.9478
		*TM_POS 29.4428	-14.9691	72.9478
		*TM_ROTAXIS 0	0	-1
		*TM_ROTANGLE 3.14159
		*TM_SCALE 1	1	1
		*TM_SCALEAXIS 0	0	0
		*TM_SCALEAXISANG 0	0	0
	}
}
*HELPEROBJECT {
	*NODE_NAME "Dummy1"
	*NODE_PARENT "Bip01 R Finger0"
	*NODE_TM {
		*NODE_NAME "Dummy1"
		*TM_ROW0 -1	-0	0
		*TM_ROW1 -0	-1	0
		*TM_ROW2 -0	-0	1
		*TM_ROW3 -29.4428	-14.9692	72.9479
		*TM_POS -29.4428	-14.9692	72.9479
		*TM_ROTAXIS 0	0	-1
		*TM_ROTANGLE 3.14159
		*TM_SCALE 1	1	1
		*TM_SCALEAXIS 0	0	0
		*TM_SCALEAXISANG 0	0	0
	}
}
*HELPEROBJECT {
	*NODE_NAME "Dummy2"
	*NODE_PARENT "Bip01 L Toe0"
	*NODE_TM {
		*NODE_NAME "Dummy2"
		*TM_ROW0 -1	-0	0
		*TM_ROW1 -0	-1	0
		*TM_ROW2 -0	-0	1
		*TM_ROW3 19.5916	-33.209	-6.31336
		*TM_POS 19.5916	-33.209	-6.31336
		*TM_ROTAXIS 0	0	-1
		*TM_ROTANGLE 3.14159
		*TM_SCALE 1	1	1
		*TM_SCALEAXIS 0	0	0
		*TM_SCALEAXISANG 0	0	0
	}
}
*HELPEROBJECT {
	*NODE_NAME "Dummy3"
	*NODE_PARENT "Bip01 R Toe0"
	*NODE_TM {
		*NODE_NAME "Dummy3"
		*TM_ROW0 -1	-0	0
		*TM_ROW1 -0	-1	0
		*TM_ROW2 -0	-0	1
		*TM_ROW3 -19.5915	-33.2091	-6.31332
		*TM_POS -19.5915	-33.2091	-6.31332
		*TM_ROTAXIS 0	0	-1
		*TM_ROTANGLE 3.14159
		*TM_SCALE 1	1	1
		*TM_SCALEAXIS 0	0	0
		*TM_SCALEAXISANG 0	0	0
	}
}
*GEOMOBJECT {
	*NODE_NAME "zm_Skin"
	*NODE_PARENT "Bip01"
	*NODE_TM {
		*NODE_NAME "zm_Skin"
		*TM_ROW0 -1	-0	0
		*TM_ROW1 -0	-1	0
		*TM_ROW2 -0	-0	1
		*TM_ROW3 -0	-0	0
		*TM_POS -0	-0	0
		*TM_ROTAXIS 0	0	-1
		*TM_ROTANGLE 3.14159
		*TM_SCALE 1	1	1
		*TM_SCALEAXIS 0	0	0
		*TM_SCALEAXISANG 0	0	0
	}
	*MATERIAL_REF 0
	*MESH_SOFTSKIN {
		*TIMEVALUE 0
		*MESH_NUMVERTEX 408
		*MESH_NUMFACES 802
		*MESH_VERTEX_LIST {
			*MESH_VERTEX 0	-23.4284	-14.1367	77.9455
			*MESH_VERTEX 1	-17.6722	-7.11765	15.8005
			*MESH_VERTEX 2	-11.594	-18.7367	139.701
			*MESH_VERTEX 3	-21.8712	5.28587	141.427
			*MESH_VERTEX 4	3.77984	0.359718	166.982
			*MESH_VERTEX 5	28.8615	7.86755	120.944
			*MESH_VERTEX 6	23.9192	-9.82294	129.611
			*MESH_VERTEX 7	14.6056	5.85213	18.6083
			*MESH_VERTEX 8	19.3567	-22.7509	5.72948
			*MESH_VERTEX 9	16.1363	8.6911	0.291059
			*MESH_VERTEX 10	-17.0474	10.679	11.6025
			*MESH_VERTEX 11	14.0954	-9.3021	16.6554
			*MESH_VERTEX 12	-18.113	-18.8802	10.4812
			*MESH_VERTEX 13	10.8993	-18.6435	9.77965
			*MESH_VERTEX 14	21.0229	5.18745	141.28
			*MESH_VERTEX 15	23.4284	-14.1369	77.9455
			*MESH_VERTEX 16	-19.8267	-22.9603	-0.467819
			*MESH_VERTEX 17	-19.3833	-14.6307	7.93105
			*MESH_VERTEX 18	17.8969	11.6754	11.4142
			*MESH_VERTEX 19	29.04	-6.54319	78.2448
			*MESH_VERTEX 20	-4.57618	-22.5911	86.6351
			*MESH_VERTEX 21	0.115191	-4.89965	86.5739
			*MESH_VERTEX 22	-27.7704	-9.39688	146.957
			*MESH_VERTEX 23	-32.8465	-10.4194	92.0883
			*MESH_VERTEX 24	-21.6566	-4.07578	117.048
			*MESH_VERTEX 25	16.4783	-7.63141	115.276
			*MESH_VERTEX 26	-9.91445	-19.527	10.121
			*MESH_VERTEX 27	-10.6733	-7.38577	16.2773
			*MESH_VERTEX 28	-16.8458	-0.538	16.813
			*MESH_VERTEX 29	28.3162	0.362903	145.434
			*MESH_VERTEX 30	6.38589	10.8859	10.78
			*MESH_VERTEX 31	-5.96947	10.2627	11.2048
			*MESH_VERTEX 32	-22.7133	-11.5345	87.09
			*MESH_VERTEX 33	-21.9283	-13.8716	82.0887
			*MESH_VERTEX 34	22.7041	-11.5552	87.0916
			*MESH_VERTEX 35	21.9255	-13.8834	82.0756
			*MESH_VERTEX 36	7.6626	4.84457	-0.536276
			*MESH_VERTEX 37	7.5759	3.58145	17.1142
			*MESH_VERTEX 38	5.62573	-22.973	86.2715
			*MESH_VERTEX 39	11.3288	-19.3602	140.292
			*MESH_VERTEX 40	-4.94661	-8.07364	163.095
			*MESH_VERTEX 41	-7.13527	1.2175	156.244
			*MESH_VERTEX 42	-3.54298	0.603059	166.972
			*MESH_VERTEX 43	18.6244	-17.9619	10.4834
			*MESH_VERTEX 44	-13.899	4.85374	18.6958
			*MESH_VERTEX 45	-9.65161	7.80145	0.701179
			*MESH_VERTEX 46	-7.40227	-14.0928	-0.144302
			*MESH_VERTEX 47	-18.5057	6.14312	0.187217
			*MESH_VERTEX 48	10.394	5.10165	17.7678
			*MESH_VERTEX 49	11.9357	4.54838	116.819
			*MESH_VERTEX 50	7.32032	0.0278449	60.4135
			*MESH_VERTEX 51	0.0302499	3.02439	115.11
			*MESH_VERTEX 52	-7.51535	-1.64502	60.2989
			*MESH_VERTEX 53	-4.42583	4.99826	87.9896
			*MESH_VERTEX 54	4.24826	4.52169	87.976
			*MESH_VERTEX 55	-15.7305	-13.0505	139.678
			*MESH_VERTEX 56	4.79581	-8.18536	163.321
			*MESH_VERTEX 57	7.77238	2.34277	159.618
			*MESH_VERTEX 58	-19.8669	-0.237497	137.567
			*MESH_VERTEX 59	-34.4522	0.252006	107.393
			*MESH_VERTEX 60	28.5309	-17.4065	80.0391
			*MESH_VERTEX 61	34.4042	-9.43226	80.9966
			*MESH_VERTEX 62	-15.6689	-2.27824	60.7867
			*MESH_VERTEX 63	-11.3325	9.81083	33.4535
			*MESH_VERTEX 64	15.8473	-13.112	139.886
			*MESH_VERTEX 65	15.821	1.80674	136.595
			*MESH_VERTEX 66	0.04787	-11.6972	150.647
			*MESH_VERTEX 67	-5.97407	-4.41655	155.987
			*MESH_VERTEX 68	-7.36124	2.11417	159.394
			*MESH_VERTEX 69	11.8434	-22.7829	-0.23722
			*MESH_VERTEX 70	-29.0418	-6.54593	78.2289
			*MESH_VERTEX 71	-28.531	-17.4064	80.039
			*MESH_VERTEX 72	-34.4082	-9.43105	80.9795
			*MESH_VERTEX 73	-31.6037	-5.65609	118.75
			*MESH_VERTEX 74	21.283	-5.25413	153.774
			*MESH_VERTEX 75	13.5693	10.984	33.1748
			*MESH_VERTEX 76	6.72364	-0.738533	9.16166
			*MESH_VERTEX 77	8.10124	-5.9694	15.5312
			*MESH_VERTEX 78	9.00017	-4.97483	158.19
			*MESH_VERTEX 79	7.35676	1.48204	156.321
			*MESH_VERTEX 80	0.053836	4.80481	159.135
			*MESH_VERTEX 81	9.12642	3.67971	154.979
			*MESH_VERTEX 82	22.0982	-12.0791	0.124875
			*MESH_VERTEX 83	-22.2938	6.59762	119.089
			*MESH_VERTEX 84	-16.0146	2.08598	136.437
			*MESH_VERTEX 85	32.6941	-4.86743	130.222
			*MESH_VERTEX 86	-21.139	-5.39783	153.735
			*MESH_VERTEX 87	-28.6821	-0.225672	145.836
			*MESH_VERTEX 88	20.2437	-5.34478	117.871
			*MESH_VERTEX 89	-2.80969	-7.50253	6.26704
			*MESH_VERTEX 90	-10.0744	0.0430588	115.122
			*MESH_VERTEX 91	-16.4132	-7.28649	115.251
			*MESH_VERTEX 92	-12.4424	3.96259	116.751
			*MESH_VERTEX 93	-19.377	-24.0004	5.44026
			*MESH_VERTEX 94	-13.351	-24.2627	5.26487
			*MESH_VERTEX 95	3.14966	-10.7561	83.7704
			*MESH_VERTEX 96	4.06192	-6.43977	5.49103
			*MESH_VERTEX 97	15.4451	-0.140054	61.0118
			*MESH_VERTEX 98	6.22825	-4.1936	156.052
			*MESH_VERTEX 99	13.8693	-23.3805	5.52386
			*MESH_VERTEX 100	23.5879	-4.49668	7.03812
			*MESH_VERTEX 101	-7.66043	-7.6853	15.9732
			*MESH_VERTEX 102	16.3167	-11.3679	148.207
			*MESH_VERTEX 103	11.292	5.09081	95.7509
			*MESH_VERTEX 104	28.1733	-8.70831	146.693
			*MESH_VERTEX 105	19.7487	-0.393328	137.575
			*MESH_VERTEX 106	16.1437	4.85868	140.237
			*MESH_VERTEX 107	-13.1941	-10.2757	16.5634
			*MESH_VERTEX 108	-19.9435	-0.562476	9.5553
			*MESH_VERTEX 109	-10.9747	7.23333	17.9013
			*MESH_VERTEX 110	-5.84419	-1.61274	9.38472
			*MESH_VERTEX 111	-5.68149	-0.784131	15.5951
			*MESH_VERTEX 112	-10.1045	4.50193	18.1457
			*MESH_VERTEX 113	20.8278	0.453005	9.67229
			*MESH_VERTEX 114	11.3349	-5.84021	16.1053
			*MESH_VERTEX 115	16.9685	-4.85865	16.1709
			*MESH_VERTEX 116	18.746	-6.92912	16.0771
			*MESH_VERTEX 117	26.2689	-13.3636	92.0714
			*MESH_VERTEX 118	25.2315	-7.72921	90.6873
			*MESH_VERTEX 119	8.05341	-13.3117	-0.23072
			*MESH_VERTEX 120	14.8405	-10.1408	12.1711
			*MESH_VERTEX 121	13.8362	7.73509	18.6114
			*MESH_VERTEX 122	18.4924	5.1362	17.2466
			*MESH_VERTEX 123	-23.8584	-13.3973	144.69
			*MESH_VERTEX 124	-26.2713	-13.3532	92.0943
			*MESH_VERTEX 125	-25.2314	-7.72807	90.6869
			*MESH_VERTEX 126	9.51495	0.93572	115.15
			*MESH_VERTEX 127	-15.0827	4.57304	139.315
			*MESH_VERTEX 128	-21.4488	-2.83505	6.2685
			*MESH_VERTEX 129	-30.1265	3.66435	106.317
			*MESH_VERTEX 130	18.9485	-7.83484	60.635
			*MESH_VERTEX 131	-12.7891	4.58982	94.1257
			*MESH_VERTEX 132	-0.0594848	8.46774	96.7817
			*MESH_VERTEX 133	20.6393	-13.6137	8.15346
			*MESH_VERTEX 134	16.3869	-25.2712	1.21788
			*MESH_VERTEX 135	-13.6734	-11.0714	12.0345
			*MESH_VERTEX 136	-10.1637	-15.5671	7.83849
			*MESH_VERTEX 137	-16.1816	-26.1105	0.971471
			*MESH_VERTEX 138	25.2085	6.93703	133.941
			*MESH_VERTEX 139	34.521	0.368246	107.347
			*MESH_VERTEX 140	24.5507	5.12237	115.505
			*MESH_VERTEX 141	29.051	-5.9495	86.6966
			*MESH_VERTEX 142	18.5909	2.38232	149.845
			*MESH_VERTEX 143	15.8884	10.068	10.0067
			*MESH_VERTEX 144	7.64367	-20.9164	61.3292
			*MESH_VERTEX 145	21.4246	-7.74975	95.7535
			*MESH_VERTEX 146	12.4635	-18.1827	114.73
			*MESH_VERTEX 147	26.9138	-6.7127	118.255
			*MESH_VERTEX 148	-18.699	-10.0805	60.3879
			*MESH_VERTEX 149	-15.8124	-21.0336	95.0988
			*MESH_VERTEX 150	-21.5689	-6.83863	94.507
			*MESH_VERTEX 151	-11.7792	2.39909	92.868
			*MESH_VERTEX 152	-29.0618	-5.93059	86.6926
			*MESH_VERTEX 153	-27.7447	-4.68219	83.6922
			*MESH_VERTEX 154	-31.3566	-5.77439	90.458
			*MESH_VERTEX 155	-24.9944	7.04916	133.721
			*MESH_VERTEX 156	-16.8783	-9.51769	151.013
			*MESH_VERTEX 157	-8.57229	-5.16664	157.959
			*MESH_VERTEX 158	-8.5264	3.48704	154.606
			*MESH_VERTEX 159	21.594	-4.04839	117.439
			*MESH_VERTEX 160	9.18578	-17.0844	26.0565
			*MESH_VERTEX 161	-1.86182	-8.63056	60.1076
			*MESH_VERTEX 162	-3.37294	5.51637	31.5968
			*MESH_VERTEX 163	27.7347	-4.69623	83.706
			*MESH_VERTEX 164	-26.1969	-14.8647	79.1447
			*MESH_VERTEX 165	-23.4284	-14.1367	77.9455
			*MESH_VERTEX 166	-26.2542	-15.8374	84.2415
			*MESH_VERTEX 167	-24.9324	-16.2096	78.6259
			*MESH_VERTEX 168	26.1968	-14.8649	79.1448
			*MESH_VERTEX 169	23.4284	-14.1369	77.9455
			*MESH_VERTEX 170	26.2498	-15.8528	84.2291
			*MESH_VERTEX 171	24.9324	-16.2097	78.6259
			*MESH_VERTEX 172	-6.54637	-4.58031	164.744
			*MESH_VERTEX 173	16.7294	-10.7225	136.915
			*MESH_VERTEX 174	-16.87	4.12694	17.2545
			*MESH_VERTEX 175	-32.5948	-4.79336	130.275
			*MESH_VERTEX 176	24.5591	-12.9804	144.652
			*MESH_VERTEX 177	-7.6209	-0.287319	16.6414
			*MESH_VERTEX 178	-5.63916	-1.93833	15.9456
			*MESH_VERTEX 179	-2.78278	-10.8254	83.5441
			*MESH_VERTEX 180	3.11947	-7.38938	60.0407
			*MESH_VERTEX 181	4.22526	6.07231	31.6804
			*MESH_VERTEX 182	-15.2288	-19.0974	94.3467
			*MESH_VERTEX 183	0.0274953	-21.7436	139.837
			*MESH_VERTEX 184	31.3601	-5.77067	90.4559
			*MESH_VERTEX 185	32.8471	-10.4176	92.0864
			*MESH_VERTEX 186	31.5683	-5.65567	118.922
			*MESH_VERTEX 187	24.5018	-12.9299	78.2554
			*MESH_VERTEX 188	-24.5018	-12.9297	78.2554
			*MESH_VERTEX 189	6.41696	-4.90224	164.851
			*MESH_VERTEX 190	-16.1203	-3.99622	136.454
			*MESH_VERTEX 191	-16.66	-10.3615	136.759
			*MESH_VERTEX 192	-17.9841	-12.4296	144.591
			*MESH_VERTEX 193	-26.9965	-6.72406	117.821
			*MESH_VERTEX 194	11.4288	-14.6359	7.83752
			*MESH_VERTEX 195	11.2573	-3.12207	156.328
			*MESH_VERTEX 196	20.2414	-22.0874	-0.159646
			*MESH_VERTEX 197	-17.8904	3.23437	148.399
			*MESH_VERTEX 198	7.15344	0.169339	15.4004
			*MESH_VERTEX 199	26.3476	-8.43088	118.655
			*MESH_VERTEX 200	18.1715	5.73553	129.067
			*MESH_VERTEX 201	11.2099	2.21324	92.7101
			*MESH_VERTEX 202	-13.468	-18.9275	26.5033
			*MESH_VERTEX 203	-0.0967179	6.48378	94.9397
			*MESH_VERTEX 204	-7.03789	4.9262	0.216065
			*MESH_VERTEX 205	4.26197	-23.4257	97.443
			*MESH_VERTEX 206	16.3459	-21.2128	96.7122
			*MESH_VERTEX 207	15.5583	-19.6899	95.6908
			*MESH_VERTEX 208	2.07032	-21.7244	89.4311
			*MESH_VERTEX 209	-18.7419	-7.06869	124.937
			*MESH_VERTEX 210	-26.39	-8.47107	118.301
			*MESH_VERTEX 211	-11.8005	-23.5583	-0.350038
			*MESH_VERTEX 212	-11.5352	1.43345	83.8592
			*MESH_VERTEX 213	-3.16312	1.13403	84.1672
			*MESH_VERTEX 214	0.0449248	3.39776	156.163
			*MESH_VERTEX 215	-10.6041	-8.10279	153.507
			*MESH_VERTEX 216	34.3485	3.55283	120.956
			*MESH_VERTEX 217	-19.9582	-6.70667	93.668
			*MESH_VERTEX 218	19.1368	-6.4445	125.185
			*MESH_VERTEX 219	-10.6668	-3.30354	155.925
			*MESH_VERTEX 220	17.412	2.03792	135.131
			*MESH_VERTEX 221	17.5239	-6.70301	125.864
			*MESH_VERTEX 222	-20.2703	-5.39647	117.548
			*MESH_VERTEX 223	0.05223	1.7762	167.419
			*MESH_VERTEX 224	20.1896	5.98879	31.8375
			*MESH_VERTEX 225	-9.85017	9.4498	10.4927
			*MESH_VERTEX 226	19.8231	-7.69116	94.7034
			*MESH_VERTEX 227	18.9933	6.1334	-0.285356
			*MESH_VERTEX 228	11.151	1.23217	84.6402
			*MESH_VERTEX 229	2.93528	1.60466	84.48
			*MESH_VERTEX 230	-0.000156781	6.01497	116.514
			*MESH_VERTEX 231	-12.0585	5.9927	126
			*MESH_VERTEX 232	-19.7322	4.33718	32.1283
			*MESH_VERTEX 233	-18.0701	-6.27492	137.346
			*MESH_VERTEX 234	18.8548	-12.5232	144.549
			*MESH_VERTEX 235	16.0472	-4.32423	136.623
			*MESH_VERTEX 236	18.1181	-6.46457	137.421
			*MESH_VERTEX 237	17.7327	0.474955	16.9421
			*MESH_VERTEX 238	18.8842	0.428519	16.6887
			*MESH_VERTEX 239	15.9274	-6.83138	15.2882
			*MESH_VERTEX 240	-12.3111	-18.6502	114.659
			*MESH_VERTEX 241	-18.0136	5.70267	128.878
			*MESH_VERTEX 242	-17.4363	-6.78339	125.918
			*MESH_VERTEX 243	-19.616	0.208995	117.891
			*MESH_VERTEX 244	-23.887	-16.0301	83.6115
			*MESH_VERTEX 245	23.8834	-16.0452	83.5949
			*MESH_VERTEX 246	-21.2119	-13.0045	-0.12647
			*MESH_VERTEX 247	6.61335	-0.150409	15.385
			*MESH_VERTEX 248	-0.0423597	-23.8605	109.036
			*MESH_VERTEX 249	-27.9407	-4.63231	90.0506
			*MESH_VERTEX 250	30.1979	3.77909	106.266
			*MESH_VERTEX 251	-16.451	-0.840578	126.902
			*MESH_VERTEX 252	0.116387	6.92378	104.471
			*MESH_VERTEX 253	0.0197491	3.31564	110.002
			*MESH_VERTEX 254	16.565	-0.769652	126.963
			*MESH_VERTEX 255	-17.6453	2.32204	134.968
			*MESH_VERTEX 256	-0.261486	-24.5159	126.762
			*MESH_VERTEX 257	-6.79862	2.88444	17.3605
			*MESH_VERTEX 258	20.9881	0.552418	117.407
			*MESH_VERTEX 259	-30.595	-13.4667	92.8235
			*MESH_VERTEX 260	-34.2625	3.47778	121.177
			*MESH_VERTEX 261	9.00491	7.05345	16.3224
			*MESH_VERTEX 262	17.6103	-10.2478	135.293
			*MESH_VERTEX 263	-3.58973	-22.8597	97.0041
			*MESH_VERTEX 264	6.41799	-10.7863	151.017
			*MESH_VERTEX 265	-16.9712	-3.85693	134.775
			*MESH_VERTEX 266	-17.5435	-9.86397	135.154
			*MESH_VERTEX 267	-10.0987	4.50205	104.238
			*MESH_VERTEX 268	-10.088	0.598332	109.667
			*MESH_VERTEX 269	-6.33658	-22.4911	61.7325
			*MESH_VERTEX 270	-7.38671	-17.8801	25.7272
			*MESH_VERTEX 271	24.6106	-14.5849	88.5846
			*MESH_VERTEX 272	-0.0515554	-9.50779	162.479
			*MESH_VERTEX 273	22.0038	-0.921994	107.517
			*MESH_VERTEX 274	22.3554	6.67265	119.02
			*MESH_VERTEX 275	-0.00152383	5.69387	148.608
			*MESH_VERTEX 276	-32.2134	-6.61912	86.1947
			*MESH_VERTEX 277	19.6316	0.270421	118.02
			*MESH_VERTEX 278	32.2029	-6.63647	86.2013
			*MESH_VERTEX 279	15.78	7.342	16.9337
			*MESH_VERTEX 280	9.55213	1.31037	109.81
			*MESH_VERTEX 281	9.69522	4.31912	103.593
			*MESH_VERTEX 282	-18.7033	-1.72394	15.1478
			*MESH_VERTEX 283	-28.7761	7.78227	121.071
			*MESH_VERTEX 284	-34.2492	-2.50569	120.639
			*MESH_VERTEX 285	-33.3881	2.96807	119.632
			*MESH_VERTEX 286	-20.9876	0.517858	117.306
			*MESH_VERTEX 287	-24.5418	5.02482	115.294
			*MESH_VERTEX 288	14.7284	-21.1387	61.8062
			*MESH_VERTEX 289	7.88696	-19.2919	55.2289
			*MESH_VERTEX 290	-21.9317	-1.05482	107.52
			*MESH_VERTEX 291	30.5924	-13.4671	92.8262
			*MESH_VERTEX 292	29.425	-17.7521	81.6604
			*MESH_VERTEX 293	-24.6193	-14.5651	88.5803
			*MESH_VERTEX 294	-29.4253	-17.7466	81.6718
			*MESH_VERTEX 295	-13.2559	-7.10787	16.3723
			*MESH_VERTEX 296	-13.4887	-7.30956	15.4143
			*MESH_VERTEX 297	-9.61256	-7.2192	15.162
			*MESH_VERTEX 298	-29.4483	6.48944	119.403
			*MESH_VERTEX 299	27.9442	-4.63155	90.044
			*MESH_VERTEX 300	-17.7726	-7.33144	117.041
			*MESH_VERTEX 301	11.924	6.36715	126.091
			*MESH_VERTEX 302	-0.151543	7.59896	125.532
			*MESH_VERTEX 303	-33.4814	-2.41486	119.279
			*MESH_VERTEX 304	9.18892	0.605769	16.9739
			*MESH_VERTEX 305	11.5985	-6.9016	14.7637
			*MESH_VERTEX 306	14.934	-20.6198	87.0613
			*MESH_VERTEX 307	16.8808	-4.21642	134.945
			*MESH_VERTEX 308	17.8716	-7.44274	117.208
			*MESH_VERTEX 309	34.3082	-2.4404	120.525
			*MESH_VERTEX 310	33.473	2.99034	119.237
			*MESH_VERTEX 311	11.2886	-7.84902	153.859
			*MESH_VERTEX 312	-5.56005	-10.942	150.774
			*MESH_VERTEX 313	-33.5629	-8.86037	79.7051
			*MESH_VERTEX 314	33.5604	-8.85866	79.7221
			*MESH_VERTEX 315	33.5097	-2.41338	119.136
			*MESH_VERTEX 316	-14.6769	6.81418	16.6641
			*MESH_VERTEX 317	-17.003	-0.196085	16.8152
			*MESH_VERTEX 318	-27.013	-9.31814	109.88
			*MESH_VERTEX 319	31.506	-6.50521	119.692
			*MESH_VERTEX 320	20.334	-4.42931	26.6816
			*MESH_VERTEX 321	27.0799	-9.17466	109.909
			*MESH_VERTEX 322	20.2732	-6.68168	103.071
			*MESH_VERTEX 323	32.1063	2.9765	131.681
			*MESH_VERTEX 324	30.4503	2.84091	134.05
			*MESH_VERTEX 325	24.644	2.69912	106.558
			*MESH_VERTEX 326	-24.5712	2.57547	106.587
			*MESH_VERTEX 327	-31.959	3.08215	131.568
			*MESH_VERTEX 328	-30.2849	3.00931	133.919
			*MESH_VERTEX 329	15.1912	-19.3912	56.0507
			*MESH_VERTEX 330	-31.4892	-6.55646	119.62
			*MESH_VERTEX 331	-24.2852	-9.88601	127.13
			*MESH_VERTEX 332	-22.2962	-11.3147	137.036
			*MESH_VERTEX 333	29.5377	6.53647	119.052
			*MESH_VERTEX 334	-0.000144988	6.01035	152.477
			*MESH_VERTEX 335	-23.6512	5.24018	139.249
			*MESH_VERTEX 336	22.273	-11.5056	136.956
			*MESH_VERTEX 337	-8.81269	6.70604	16.356
			*MESH_VERTEX 338	-21.8655	-6.94179	109.129
			*MESH_VERTEX 339	-13.7313	-20.9548	87.3543
			*MESH_VERTEX 340	-13.6939	-23.1441	62.0928
			*MESH_VERTEX 341	-7.06962	-21.107	55.5028
			*MESH_VERTEX 342	-20.678	-13.1809	140.989
			*MESH_VERTEX 343	21.9351	-6.79779	109.158
			*MESH_VERTEX 344	22.2402	-4.34806	116.279
			*MESH_VERTEX 345	21.9149	0.195894	115.405
			*MESH_VERTEX 346	-21.8668	0.1224	115.445
			*MESH_VERTEX 347	-12.9642	-19.939	109.419
			*MESH_VERTEX 348	23.4027	6.03109	118.195
			*MESH_VERTEX 349	-23.3425	5.97912	118.362
			*MESH_VERTEX 350	-14.2164	-21.6441	55.8821
			*MESH_VERTEX 351	-22.1798	-4.39997	116.438
			*MESH_VERTEX 352	-19.4658	-6.13704	26.0099
			*MESH_VERTEX 353	15.0831	-17.5171	27.3682
			*MESH_VERTEX 354	29.2087	-8.9449	128.781
			*MESH_VERTEX 355	19.5597	-0.421357	15.2792
			*MESH_VERTEX 356	-26.3587	-11.3882	139.206
			*MESH_VERTEX 357	25.9628	7.78779	131.916
			*MESH_VERTEX 358	-25.7748	7.86075	131.688
			*MESH_VERTEX 359	-13.7035	-19.2287	127.332
			*MESH_VERTEX 360	21.2934	-13.0727	141.108
			*MESH_VERTEX 361	-17.7865	4.75522	130.959
			*MESH_VERTEX 362	34.3196	-4.14936	108.593
			*MESH_VERTEX 363	13.9216	-19.2918	109.601
			*MESH_VERTEX 364	22.6988	5.8963	140.079
			*MESH_VERTEX 365	-30.2383	5.23668	115.075
			*MESH_VERTEX 366	-34.2528	-4.27441	108.614
			*MESH_VERTEX 367	-18.366	-7.26041	109.447
			*MESH_VERTEX 368	13.7389	-18.9027	127.262
			*MESH_VERTEX 369	17.7005	-6.97049	128.347
			*MESH_VERTEX 370	24.3616	-9.85308	126.996
			*MESH_VERTEX 371	2.96432	-5.04693	24.7293
			*MESH_VERTEX 372	-29.1312	-8.91973	128.911
			*MESH_VERTEX 373	32.0822	-7.90385	109.697
			*MESH_VERTEX 374	31.412	-5.80208	117.353
			*MESH_VERTEX 375	-23.8658	-9.81058	129.752
			*MESH_VERTEX 376	17.9639	4.77005	131.132
			*MESH_VERTEX 377	-20.3899	-6.79883	102.05
			*MESH_VERTEX 378	-17.6237	-7.02865	128.422
			*MESH_VERTEX 379	-1.77619	-5.6249	24.7373
			*MESH_VERTEX 380	-29.9003	-7.13268	141.105
			*MESH_VERTEX 381	-28.7527	1.45945	142.069
			*MESH_VERTEX 382	-14.9307	-20.6757	101.771
			*MESH_VERTEX 383	30.2527	5.37135	115.342
			*MESH_VERTEX 384	33.4262	-2.60088	116.977
			*MESH_VERTEX 385	-32.0162	-8.03958	109.688
			*MESH_VERTEX 386	-33.3882	-2.6997	116.927
			*MESH_VERTEX 387	-31.3615	-5.879	117.419
			*MESH_VERTEX 388	-0.0441914	-23.7651	114.477
			*MESH_VERTEX 389	28.8971	1.27684	142.072
			*MESH_VERTEX 390	-33.6792	1.98797	115.86
			*MESH_VERTEX 391	-31.7556	-5.13332	132.632
			*MESH_VERTEX 392	26.3378	-11.6025	139.099
			*MESH_VERTEX 393	29.9384	-7.35253	141.017
			*MESH_VERTEX 394	31.842	-5.27785	132.585
			*MESH_VERTEX 395	16.7382	-1.36888	129.369
			*MESH_VERTEX 396	27.0489	-6.90845	117.186
			*MESH_VERTEX 397	-16.6196	-1.42068	129.325
			*MESH_VERTEX 398	-28.1506	-9.57934	131.147
			*MESH_VERTEX 399	19.5137	-8.52614	85.8708
			*MESH_VERTEX 400	-26.9893	-6.96561	117.339
			*MESH_VERTEX 401	-0.0481471	7.69846	138.273
			*MESH_VERTEX 402	-19.7176	-8.27143	85.4513
			*MESH_VERTEX 403	28.2003	-9.65682	131.007
			*MESH_VERTEX 404	18.326	-7.59724	109.733
			*MESH_VERTEX 405	33.7036	2.11649	116.053
			*MESH_VERTEX 406	15.296	-20.4678	102.888
			*MESH_VERTEX 407	-0.203537	5.37838	88.6164
		}
		*MESH_FACE_LIST {
			*MESH_FACE    0:    A:    287 B:    346 C:    290 AB:    1 BC:    1 CA:    1	 *MESH_SMOOTHING 1 	*MESH_MTLID 0
			*MESH_FACE    1:    A:    350 B:    148 C:    352 AB:    1 BC:    1 CA:    1	 *MESH_SMOOTHING 1 	*MESH_MTLID 0
			*MESH_FACE    2:    A:    366 B:    23 C:    385 AB:    1 BC:    1 CA:    1	 *MESH_SMOOTHING 1 	*MESH_MTLID 0
			*MESH_FACE    3:    A:    341 B:    350 C:    202 AB:    1 BC:    1 CA:    1	 *MESH_SMOOTHING 1 	*MESH_MTLID 0
			*MESH_FACE    4:    A:    312 B:    156 C:    2 AB:    1 BC:    1 CA:    1	 *MESH_SMOOTHING 1 	*MESH_MTLID 0
			*MESH_FACE    5:    A:    63 B:    62 C:    52 AB:    1 BC:    1 CA:    1	 *MESH_SMOOTHING 1 	*MESH_MTLID 0
			*MESH_FACE    6:    A:    231 B:    127 C:    401 AB:    1 BC:    1 CA:    1	 *MESH_SMOOTHING 1 	*MESH_MTLID 0
			*MESH_FACE    7:    A:    2 B:    183 C:    312 AB:    1 BC:    1 CA:    1	 *MESH_SMOOTHING 1 	*MESH_MTLID 0
			*MESH_FACE    8:    A:    39 B:    102 C:    264 AB:    1 BC:    1 CA:    1	 *MESH_SMOOTHING 1 	*MESH_MTLID 0
			*MESH_FACE    9:    A:    401 B:    106 C:    301 AB:    1 BC:    1 CA:    1	 *MESH_SMOOTHING 1 	*MESH_MTLID 0
			*MESH_FACE    10:    A:    227 B:    113 C:    82 AB:    1 BC:    1 CA:    1	 *MESH_SMOOTHING 1 	*MESH_MTLID 0
			*MESH_FACE    11:    A:    76 B:    36 C:    119 AB:    1 BC:    1 CA:    1	 *MESH_SMOOTHING 1 	*MESH_MTLID 0
			*MESH_FACE    12:    A:    352 B:    202 C:    350 AB:    1 BC:    1 CA:    1	 *MESH_SMOOTHING 1 	*MESH_MTLID 0
			*MESH_FACE    13:    A:    161 B:    379 C:    162 AB:    1 BC:    1 CA:    1	 *MESH_SMOOTHING 1 	*MESH_MTLID 0
			*MESH_FACE    14:    A:    194 B:    76 C:    119 AB:    1 BC:    1 CA:    1	 *MESH_SMOOTHING 1 	*MESH_MTLID 0
			*MESH_FACE    15:    A:    133 B:    113 C:    120 AB:    1 BC:    1 CA:    1	 *MESH_SMOOTHING 1 	*MESH_MTLID 0
			*MESH_FACE    16:    A:    320 B:    224 C:    130 AB:    1 BC:    1 CA:    1	 *MESH_SMOOTHING 1 	*MESH_MTLID 0
			*MESH_FACE    17:    A:    371 B:    180 C:    181 AB:    1 BC:    1 CA:    1	 *MESH_SMOOTHING 1 	*MESH_MTLID 0
			*MESH_FACE    18:    A:    12 B:    128 C:    317 AB:    1 BC:    1 CA:    1	 *MESH_SMOOTHING 1 	*MESH_MTLID 0
			*MESH_FACE    19:    A:    31 B:    89 C:    178 AB:    1 BC:    1 CA:    1	 *MESH_SMOOTHING 1 	*MESH_MTLID 0
			*MESH_FACE    20:    A:    198 B:    305 C:    13 AB:    1 BC:    1 CA:    1	 *MESH_SMOOTHING 1 	*MESH_MTLID 0
			*MESH_FACE    21:    A:    18 B:    100 C:    238 AB:    1 BC:    1 CA:    1	 *MESH_SMOOTHING 1 	*MESH_MTLID 0
			*MESH_FACE    22:    A:    142 B:    81 C:    74 AB:    1 BC:    1 CA:    1	 *MESH_SMOOTHING 1 	*MESH_MTLID 0
			*MESH_FACE    23:    A:    140 B:    273 C:    345 AB:    1 BC:    1 CA:    1	 *MESH_SMOOTHING 1 	*MESH_MTLID 0
