a1 <- c(1, 2, 3)
a2 <- c(3, 4, 5)
a3 <- c(a1, a2)
